100
1 1 0
1 2 182
1 3 34
1 4 50
1 5 7
1 6 202
1 7 35
1 8 223
1 9 156
1 10 214
1 11 216
1 12 131
1 13 85
1 14 250
1 15 286
1 16 86
1 17 1073741824
1 18 106
1 19 103
1 20 117
1 21 133
1 22 53
1 23 82
1 24 24
1 25 11
1 26 221
1 27 107
1 28 49
1 29 118
1 30 234
1 31 242
1 32 98
1 33 285
1 34 269
1 35 94
1 36 159
1 37 239
1 38 1073741824
1 39 242
1 40 50
1 41 279
1 42 73
1 43 1073741824
1 44 253
1 45 176
1 46 82
1 47 280
1 48 238
1 49 88
1 50 242
1 51 22
1 52 264
1 53 251
1 54 276
1 55 1073741824
1 56 147
1 57 244
1 58 255
1 59 267
1 60 259
1 61 192
1 62 1073741824
1 63 135
1 64 124
1 65 232
1 66 82
1 67 171
1 68 86
1 69 59
1 70 19
1 71 129
1 72 271
1 73 178
1 74 231
1 75 147
1 76 283
1 77 14
1 78 147
1 79 220
1 80 17
1 81 213
1 82 115
1 83 22
1 84 210
1 85 157
1 86 285
1 87 253
1 88 160
1 89 5
1 90 246
1 91 226
1 92 271
1 93 237
1 94 92
1 95 245
1 96 207
1 97 183
1 98 26
1 99 68
1 100 192
2 1 182
2 2 0
2 3 69
2 4 77
2 5 39
2 6 110
2 7 114
2 8 51
2 9 149
2 10 264
2 11 141
2 12 28
2 13 194
2 14 145
2 15 164
2 16 22
2 17 34
2 18 111
2 19 9
2 20 35
2 21 197
2 22 10
2 23 212
2 24 167
2 25 139
2 26 138
2 27 66
2 28 268
2 29 46
2 30 243
2 31 55
2 32 15
2 33 265
2 34 20
2 35 84
2 36 98
2 37 225
2 38 103
2 39 120
2 40 79
2 41 268
2 42 138
2 43 284
2 44 171
2 45 289
2 46 138
2 47 8
2 48 153
2 49 2
2 50 237
2 51 1073741824
2 52 228
2 53 259
2 54 188
2 55 284
2 56 10
2 57 180
2 58 205
2 59 179
2 60 121
2 61 211
2 62 284
2 63 186
2 64 147
2 65 5
2 66 164
2 67 56
2 68 108
2 69 107
2 70 137
2 71 129
2 72 270
2 73 166
2 74 55
2 75 119
2 76 27
2 77 143
2 78 177
2 79 247
2 80 241
2 81 233
2 82 264
2 83 262
2 84 116
2 85 48
2 86 77
2 87 214
2 88 279
2 89 168
2 90 254
2 91 157
2 92 116
2 93 124
2 94 84
2 95 109
2 96 66
2 97 21
2 98 244
2 99 129
2 100 288
3 1 34
3 2 69
3 3 0
3 4 45
3 5 134
3 6 173
3 7 134
3 8 129
3 9 195
3 10 202
3 11 37
3 12 205
3 13 114
3 14 226
3 15 203
3 16 5
3 17 171
3 18 140
3 19 174
3 20 9
3 21 9
3 22 233
3 23 199
3 24 187
3 25 190
3 26 176
3 27 162
3 28 154
3 29 233
3 30 29
3 31 117
3 32 129
3 33 79
3 34 202
3 35 139
3 36 281
3 37 269
3 38 289
3 39 290
3 40 287
3 41 268
3 42 237
3 43 244
3 44 43
3 45 248
3 46 287
3 47 36
3 48 190
3 49 204
3 50 247
3 51 221
3 52 229
3 53 127
3 54 174
3 55 270
3 56 101
3 57 244
3 58 119
3 59 266
3 60 150
3 61 285
3 62 54
3 63 3
3 64 74
3 65 266
3 66 210
3 67 24
3 68 72
3 69 38
3 70 227
3 71 40
3 72 195
3 73 125
3 74 165
3 75 246
3 76 142
3 77 1073741824
3 78 182
3 79 149
3 80 95
3 81 181
3 82 277
3 83 237
3 84 270
3 85 188
3 86 113
3 87 275
3 88 119
3 89 219
3 90 31
3 91 265
3 92 277
3 93 59
3 94 153
3 95 30
3 96 200
3 97 199
3 98 120
3 99 117
3 100 1073741824
4 1 50
4 2 77
4 3 45
4 4 0
4 5 104
4 6 148
4 7 277
4 8 151
4 9 288
4 10 251
4 11 254
4 12 42
4 13 54
4 14 262
4 15 239
4 16 28
4 17 65
4 18 33
4 19 55
4 20 188
4 21 118
4 22 166
4 23 95
4 24 68
4 25 62
4 26 181
4 27 66
4 28 252
4 29 249
4 30 230
4 31 220
4 32 50
4 33 78
4 34 1073741824
4 35 66
4 36 285
4 37 12
4 38 237
4 39 142
4 40 287
4 41 10
4 42 59
4 43 223
4 44 58
4 45 250
4 46 40
4 47 259
4 48 143
4 49 19
4 50 280
4 51 50
4 52 196
4 53 264
4 54 131
4 55 210
4 56 156
4 57 206
4 58 71
4 59 108
4 60 55
4 61 5
4 62 237
4 63 121
4 64 188
4 65 21
4 66 68
4 67 90
4 68 195
4 69 239
4 70 8
4 71 37
4 72 145
4 73 101
4 74 222
4 75 178
4 76 104
4 77 217
4 78 14
4 79 246
4 80 76
4 81 105
4 82 162
4 83 73
4 84 45
4 85 286
4 86 278
4 87 105
4 88 163
4 89 139
4 90 103
4 91 15
4 92 211
4 93 32
4 94 189
4 95 88
4 96 239
4 97 234
4 98 286
4 99 200
4 100 275
5 1 7
5 2 39
5 3 134
5 4 104
5 5 0
5 6 255
5 7 49
5 8 60
5 9 236
5 10 233
5 11 104
5 12 261
5 13 225
5 14 176
5 15 146
5 16 219
5 17 7
5 18 223
5 19 57
5 20 169
5 21 47
5 22 124
5 23 64
5 24 190
5 25 88
5 26 100
5 27 133
5 28 168
5 29 52
5 30 156
5 31 69
5 32 158
5 33 12
5 34 65
5 35 194
5 36 240
5 37 201
5 38 178
5 39 17
5 40 37
5 41 107
5 42 127
5 43 45
5 44 38
5 45 69
5 46 86
5 47 21
5 48 195
5 49 181
5 50 222
5 51 210
5 52 213
5 53 5
5 54 183
5 55 116
5 56 127
5 57 221
5 58 58
5 59 35
5 60 116
5 61 107
5 62 132
5 63 125
5 64 170
5 65 196
5 66 208
5 67 248
5 68 240
5 69 1073741824
5 70 45
5 71 56
5 72 30
5 73 86
5 74 58
5 75 81
5 76 238
5 77 169
5 78 92
5 79 21
5 80 247
5 81 211
5 82 181
5 83 64
5 84 1073741824
5 85 159
5 86 33
5 87 188
5 88 23
5 89 82
5 90 207
5 91 166
5 92 74
5 93 282
5 94 26
5 95 222
5 96 120
5 97 130
5 98 119
5 99 251
5 100 106
6 1 202
6 2 110
6 3 173
6 4 148
6 5 255
6 6 0
6 7 108
6 8 282
6 9 121
6 10 138
6 11 289
6 12 33
6 13 267
6 14 269
6 15 216
6 16 8
6 17 166
6 18 1073741824
6 19 157
6 20 163
6 21 224
6 22 24
6 23 109
6 24 127
6 25 45
6 26 73
6 27 18
6 28 198
6 29 84
6 30 166
6 31 194
6 32 126
6 33 3
6 34 162
6 35 76
6 36 229
6 37 42
6 38 195
6 39 108
6 40 278
6 41 1073741824
6 42 220
6 43 210
6 44 269
6 45 4
6 46 218
6 47 126
6 48 136
6 49 177
6 50 249
6 51 165
6 52 70
6 53 269
6 54 281
6 55 91
6 56 231
6 57 269
6 58 263
6 59 156
6 60 250
6 61 79
6 62 190
6 63 134
6 64 208
6 65 237
6 66 5
6 67 286
6 68 139
6 69 32
6 70 49
6 71 118
6 72 183
6 73 127
6 74 290
6 75 187
6 76 102
6 77 83
6 78 14
6 79 63
6 80 242
6 81 60
6 82 4
6 83 1073741824
6 84 106
6 85 130
6 86 137
6 87 45
6 88 43
6 89 169
6 90 56
6 91 146
6 92 122
6 93 116
6 94 1073741824
6 95 175
6 96 62
6 97 171
6 98 236
6 99 49
6 100 13
7 1 35
7 2 114
7 3 134
7 4 277
7 5 49
7 6 108
7 7 0
7 8 19
7 9 244
7 10 251
7 11 45
7 12 195
7 13 81
7 14 278
7 15 161
7 16 251
7 17 194
7 18 97
7 19 194
7 20 286
7 21 279
7 22 1073741824
7 23 202
7 24 286
7 25 79
7 26 97
7 27 220
7 28 191
7 29 83
7 30 147
7 31 81
7 32 108
7 33 257
7 34 121
7 35 167
7 36 184
7 37 13
7 38 179
7 39 82
7 40 178
7 41 94
7 42 122
7 43 44
7 44 200
7 45 116
7 46 25
7 47 81
7 48 116
7 49 32
7 50 239
7 51 266
7 52 157
7 53 50
7 54 76
7 55 91
7 56 183
7 57 202
7 58 36
7 59 109
7 60 234
7 61 138
7 62 48
7 63 265
7 64 211
7 65 9
7 66 263
7 67 199
7 68 167
7 69 277
7 70 201
7 71 20
7 72 271
7 73 138
7 74 51
7 75 143
7 76 1073741824
7 77 73
7 78 138
7 79 178
7 80 258
7 81 135
7 82 35
7 83 188
7 84 79
7 85 118
7 86 1073741824
7 87 73
7 88 279
7 89 112
7 90 171
7 91 93
7 92 115
7 93 47
7 94 37
7 95 279
7 96 154
7 97 34
7 98 217
7 99 75
7 100 9
8 1 223
8 2 51
8 3 129
8 4 151
8 5 60
8 6 282
8 7 19
8 8 0
8 9 146
8 10 122
8 11 253
8 12 157
8 13 243
8 14 218
8 15 270
8 16 71
8 17 46
8 18 44
8 19 224
8 20 95
8 21 203
8 22 111
8 23 79
8 24 131
8 25 202
8 26 203
8 27 27
8 28 217
8 29 118
8 30 107
8 31 162
8 32 192
8 33 204
8 34 202
8 35 289
8 36 111
8 37 129
8 38 175
8 39 182
8 40 178
8 41 285
8 42 68
8 43 241
8 44 144
8 45 17
8 46 160
8 47 240
8 48 126
8 49 281
8 50 83
8 51 25
8 52 57
8 53 149
8 54 286
8 55 250
8 56 276
8 57 172
8 58 118
8 59 116
8 60 202
8 61 266
8 62 285
8 63 125
8 64 205
8 65 107
8 66 187
8 67 235
8 68 1073741824
8 69 65
8 70 137
8 71 43
8 72 282
8 73 93
8 74 266
8 75 222
8 76 170
8 77 111
8 78 268
8 79 41
8 80 172
8 81 152
8 82 46
8 83 268
8 84 277
8 85 117
8 86 252
8 87 220
8 88 208
8 89 23
8 90 275
8 91 189
8 92 169
8 93 173
8 94 212
8 95 148
8 96 258
8 97 50
8 98 151
8 99 195
8 100 279
9 1 156
9 2 149
9 3 195
9 4 288
9 5 236
9 6 121
9 7 244
9 8 146
9 9 0
9 10 143
9 11 246
9 12 34
9 13 139
9 14 124
9 15 253
9 16 288
9 17 216
9 18 197
9 19 192
9 20 79
9 21 65
9 22 19
9 23 152
9 24 94
9 25 144
9 26 50
9 27 247
9 28 16
9 29 192
9 30 100
9 31 120
9 32 185
9 33 176
9 34 95
9 35 83
9 36 147
9 37 153
9 38 158
9 39 40
9 40 109
9 41 267
9 42 135
9 43 2
9 44 251
9 45 11
9 46 57
9 47 58
9 48 18
9 49 144
9 50 206
9 51 137
9 52 74
9 53 27
9 54 104
9 55 73
9 56 240
9 57 50
9 58 103
9 59 78
9 60 234
9 61 241
9 62 288
9 63 183
9 64 163
9 65 39
9 66 97
9 67 163
9 68 72
9 69 161
9 70 209
9 71 1073741824
9 72 108
9 73 137
9 74 85
9 75 187
9 76 235
9 77 84
9 78 256
9 79 209
9 80 244
9 81 277
9 82 145
9 83 7
9 84 61
9 85 77
9 86 214
9 87 208
9 88 36
9 89 288
9 90 1
9 91 38
9 92 204
9 93 226
9 94 1073741824
9 95 122
9 96 289
9 97 235
9 98 204
9 99 125
9 100 121
10 1 214
10 2 264
10 3 202
10 4 251
10 5 233
10 6 138
10 7 251
10 8 122
10 9 143
10 10 0
10 11 252
10 12 93
10 13 285
10 14 239
10 15 43
10 16 141
10 17 100
10 18 247
10 19 194
10 20 110
10 21 5
10 22 24
10 23 47
10 24 1073741824
10 25 141
10 26 216
10 27 258
10 28 91
10 29 107
10 30 258
10 31 196
10 32 266
10 33 268
10 34 121
10 35 248
10 36 247
10 37 108
10 38 243
10 39 222
10 40 128
10 41 203
10 42 1073741824
10 43 6
10 44 137
10 45 139
10 46 137
10 47 281
10 48 170
10 49 99
10 50 205
10 51 225
10 52 262
10 53 182
10 54 20
10 55 66
10 56 1
10 57 30
10 58 203
10 59 177
10 60 130
10 61 178
10 62 138
10 63 32
10 64 4
10 65 257
10 66 158
10 67 129
10 68 209
10 69 98
10 70 272
10 71 198
10 72 6
10 73 28
10 74 83
10 75 197
10 76 196
10 77 61
10 78 186
10 79 82
10 80 107
10 81 24
10 82 1073741824
10 83 199
10 84 231
10 85 199
10 86 171
10 87 111
10 88 224
10 89 62
10 90 265
10 91 196
10 92 81
10 93 101
10 94 254
10 95 139
10 96 211
10 97 130
10 98 283
10 99 44
10 100 153
11 1 216
11 2 141
11 3 37
11 4 254
11 5 104
11 6 289
11 7 45
11 8 253
11 9 246
11 10 252
11 11 0
11 12 204
11 13 230
11 14 101
11 15 33
11 16 273
11 17 147
11 18 187
11 19 90
11 20 13
11 21 91
11 22 29
11 23 175
11 24 246
11 25 268
11 26 149
11 27 260
11 28 199
11 29 90
11 30 114
11 31 227
11 32 277
11 33 183
11 34 276
11 35 33
11 36 195
11 37 157
11 38 99
11 39 32
11 40 156
11 41 224
11 42 123
11 43 217
11 44 267
11 45 219
11 46 257
11 47 286
11 48 66
11 49 94
11 50 9
11 51 226
11 52 112
11 53 26
11 54 57
11 55 193
11 56 35
11 57 45
11 58 199
11 59 267
11 60 22
11 61 41
11 62 99
11 63 49
11 64 214
11 65 254
11 66 111
11 67 18
11 68 101
11 69 137
11 70 1073741824
11 71 216
11 72 9
11 73 182
11 74 67
11 75 164
11 76 113
11 77 73
11 78 80
11 79 288
11 80 140
11 81 242
11 82 269
11 83 160
11 84 44
11 85 258
11 86 45
11 87 81
11 88 221
11 89 170
11 90 290
11 91 247
11 92 145
11 93 218
11 94 4
11 95 69
11 96 233
11 97 235
11 98 43
11 99 76
11 100 85
12 1 131
12 2 28
12 3 205
12 4 42
12 5 261
12 6 33
12 7 195
12 8 157
12 9 34
12 10 93
12 11 204
12 12 0
12 13 91
12 14 238
12 15 156
12 16 187
12 17 185
12 18 284
12 19 82
12 20 266
12 21 51
12 22 7
12 23 75
12 24 209
12 25 203
12 26 92
12 27 125
12 28 165
12 29 1073741824
12 30 169
12 31 60
12 32 118
12 33 196
12 34 147
12 35 121
12 36 215
12 37 170
12 38 137
12 39 1073741824
12 40 115
12 41 259
12 42 192
12 43 257
12 44 36
12 45 210
12 46 289
12 47 264
12 48 200
12 49 172
12 50 13
12 51 154
12 52 63
12 53 256
12 54 98
12 55 178
12 56 138
12 57 176
12 58 156
12 59 232
12 60 1073741824
12 61 196
12 62 33
12 63 19
12 64 35
12 65 211
12 66 9
12 67 215
12 68 283
12 69 188
12 70 170
12 71 42
12 72 171
12 73 131
12 74 161
12 75 90
12 76 231
12 77 124
12 78 223
12 79 62
12 80 104
12 81 161
12 82 173
12 83 179
12 84 148
12 85 185
12 86 285
12 87 1
12 88 139
12 89 163
12 90 254
12 91 257
12 92 249
12 93 273
12 94 115
12 95 114
12 96 259
12 97 160
12 98 34
12 99 136
12 100 52
13 1 85
13 2 194
13 3 114
13 4 54
13 5 225
13 6 267
13 7 81
13 8 243
13 9 139
13 10 285
13 11 230
13 12 91
13 13 0
13 14 112
13 15 138
13 16 46
13 17 16
13 18 272
13 19 176
13 20 221
13 21 46
13 22 77
13 23 1073741824
13 24 164
13 25 122
13 26 161
13 27 21
13 28 227
13 29 176
13 30 219
13 31 263
13 32 210
13 33 35
13 34 286
13 35 187
13 36 110
13 37 163
13 38 202
13 39 256
13 40 138
13 41 277
13 42 144
13 43 243
13 44 228
13 45 233
13 46 233
13 47 6
13 48 266
13 49 214
13 50 242
13 51 206
13 52 92
13 53 63
13 54 164
13 55 83
13 56 85
13 57 267
13 58 264
13 59 26
13 60 86
13 61 205
13 62 194
13 63 118
13 64 68
13 65 290
13 66 290
13 67 154
13 68 260
13 69 225
13 70 52
13 71 132
13 72 115
13 73 17
13 74 26
13 75 175
13 76 64
13 77 143
13 78 115
13 79 106
13 80 17
13 81 204
13 82 31
13 83 1073741824
13 84 217
13 85 126
13 86 49
13 87 272
13 88 31
13 89 219
13 90 103
13 91 179
13 92 110
13 93 154
13 94 151
13 95 139
13 96 98
13 97 85
13 98 234
13 99 259
13 100 189
14 1 250
14 2 145
14 3 226
14 4 262
14 5 176
14 6 269
14 7 278
14 8 218
14 9 124
14 10 239
14 11 101
14 12 238
14 13 112
14 14 0
14 15 94
14 16 223
14 17 251
14 18 160
14 19 76
14 20 219
14 21 164
14 22 52
14 23 214
14 24 281
14 25 191
14 26 191
14 27 10
14 28 1073741824
14 29 198
14 30 99
14 31 171
14 32 160
14 33 50
14 34 78
14 35 107
14 36 21
14 37 288
14 38 237
14 39 186
14 40 201
14 41 233
14 42 22
14 43 261
14 44 165
14 45 27
14 46 6
14 47 201
14 48 258
14 49 141
14 50 263
14 51 88
14 52 43
14 53 190
14 54 18
14 55 45
14 56 284
14 57 63
14 58 1073741824
14 59 15
14 60 134
14 61 152
14 62 107
14 63 250
14 64 1073741824
14 65 58
14 66 137
14 67 169
14 68 116
14 69 195
14 70 161
14 71 275
14 72 239
14 73 139
14 74 276
14 75 117
14 76 274
14 77 16
14 78 110
14 79 167
14 80 140
14 81 137
14 82 233
14 83 48
14 84 287
14 85 37
14 86 237
14 87 46
14 88 50
14 89 290
14 90 86
14 91 205
14 92 126
14 93 102
14 94 169
14 95 113
14 96 252
14 97 77
14 98 134
14 99 40
14 100 287
15 1 286
15 2 164
15 3 203
15 4 239
15 5 146
15 6 216
15 7 161
15 8 270
15 9 253
15 10 43
15 11 33
15 12 156
15 13 138
15 14 94
15 15 0
15 16 46
15 17 218
15 18 32
15 19 286
15 20 48
15 21 114
15 22 193
15 23 230
15 24 28
15 25 242
15 26 13
15 27 12
15 28 210
15 29 5
15 30 7
15 31 180
15 32 234
15 33 36
15 34 31
15 35 98
15 36 47
15 37 251
15 38 82
15 39 266
15 40 119
15 41 149
15 42 255
15 43 151
15 44 284
15 45 24
15 46 234
15 47 13
15 48 119
15 49 148
15 50 24
15 51 109
15 52 121
15 53 28
15 54 206
15 55 268
15 56 69
15 57 1
15 58 91
15 59 192
15 60 145
15 61 27
15 62 25
15 63 140
15 64 93
15 65 118
15 66 148
15 67 235
15 68 251
15 69 63
15 70 175
15 71 254
15 72 43
15 73 20
15 74 44
15 75 7
15 76 40
15 77 33
15 78 173
15 79 232
15 80 1073741824
15 81 211
15 82 195
15 83 149
15 84 4
15 85 55
15 86 285
15 87 8
15 88 248
15 89 269
15 90 1
15 91 21
15 92 33
15 93 125
15 94 75
15 95 274
15 96 7
15 97 239
15 98 125
15 99 25
15 100 135
16 1 86
16 2 22
16 3 5
16 4 28
16 5 219
16 6 8
16 7 251
16 8 71
16 9 288
16 10 141
16 11 273
16 12 187
16 13 46
16 14 223
16 15 46
16 16 0
16 17 44
16 18 107
16 19 150
16 20 176
16 21 196
16 22 178
16 23 1073741824
16 24 107
16 25 238
16 26 259
16 27 201
16 28 60
16 29 35
16 30 55
16 31 290
16 32 265
16 33 75
16 34 261
16 35 254
16 36 40
16 37 174
16 38 160
16 39 236
16 40 134
16 41 266
16 42 69
16 43 11
16 44 238
16 45 151
16 46 233
16 47 174
16 48 59
16 49 55
16 50 287
16 51 1073741824
16 52 4
16 53 144
16 54 228
16 55 190
16 56 74
16 57 179
16 58 22
16 59 77
16 60 159
16 61 123
16 62 173
16 63 129
16 64 133
16 65 222
16 66 173
16 67 1
16 68 208
16 69 12
16 70 218
16 71 83
16 72 87
16 73 195
16 74 142
16 75 260
16 76 30
16 77 113
16 78 228
16 79 199
16 80 59
16 81 93
16 82 255
16 83 189
16 84 213
16 85 86
16 86 161
16 87 220
16 88 63
16 89 227
16 90 22
16 91 84
16 92 46
16 93 198
16 94 61
16 95 150
16 96 1073741824
16 97 102
16 98 1073741824
16 99 14
16 100 139
17 1 1073741824
17 2 34
17 3 171
17 4 65
17 5 7
17 6 166
17 7 194
17 8 46
17 9 216
17 10 100
17 11 147
17 12 185
17 13 16
17 14 251
17 15 218
17 16 44
17 17 0
17 18 270
17 19 72
17 20 276
17 21 193
17 22 219
17 23 119
17 24 48
17 25 107
17 26 118
17 27 202
17 28 287
17 29 98
17 30 34
17 31 243
17 32 7
17 33 238
17 34 284
17 35 85
17 36 284
17 37 211
17 38 95
17 39 196
17 40 264
17 41 184
17 42 1073741824
17 43 53
17 44 286
17 45 192
17 46 281
17 47 143
17 48 223
17 49 44
17 50 160
17 51 67
17 52 43
17 53 103
17 54 27
17 55 96
17 56 17
17 57 170
17 58 39
17 59 276
17 60 274
17 61 148
17 62 10
17 63 260
17 64 284
17 65 258
17 66 25
17 67 114
17 68 206
17 69 162
17 70 89
17 71 180
17 72 36
17 73 69
17 74 80
17 75 4
17 76 235
17 77 14
17 78 7
17 79 77
17 80 225
17 81 289
17 82 214
17 83 221
17 84 189
17 85 1073741824
17 86 55
17 87 1073741824
17 88 1073741824
17 89 39
17 90 28
17 91 37
17 92 115
17 93 49
17 94 112
17 95 182
17 96 210
17 97 234
17 98 1073741824
17 99 31
17 100 185
18 1 106
18 2 111
18 3 140
18 4 33
18 5 223
18 6 1073741824
18 7 97
18 8 44
18 9 197
18 10 247
18 11 187
18 12 284
18 13 272
18 14 160
18 15 32
18 16 107
18 17 270
18 18 0
18 19 81
18 20 69
18 21 109
18 22 209
18 23 241
18 24 60
18 25 238
18 26 241
18 27 32
18 28 23
18 29 173
18 30 208
18 31 208
18 32 219
18 33 205
18 34 179
18 35 227
18 36 184
18 37 142
18 38 132
18 39 192
18 40 264
18 41 248
18 42 233
18 43 241
18 44 233
18 45 239
18 46 93
18 47 153
18 48 115
18 49 52
18 50 52
18 51 257
18 52 157
18 53 277
18 54 163
18 55 122
18 56 53
18 57 170
18 58 48
18 59 185
18 60 28
18 61 225
18 62 31
18 63 34
18 64 90
18 65 104
18 66 9
18 67 220
18 68 1073741824
18 69 238
18 70 104
18 71 269
18 72 153
18 73 61
18 74 207
18 75 59
18 76 158
18 77 188
18 78 27
18 79 134
18 80 157
18 81 238
18 82 100
18 83 102
18 84 92
18 85 221
18 86 250
18 87 218
18 88 237
18 89 268
18 90 187
18 91 1073741824
18 92 100
18 93 246
18 94 287
18 95 142
18 96 117
18 97 106
18 98 170
18 99 171
18 100 102
19 1 103
19 2 9
19 3 174
19 4 55
19 5 57
19 6 157
19 7 194
19 8 224
19 9 192
19 10 194
19 11 90
19 12 82
19 13 176
19 14 76
19 15 286
19 16 150
19 17 72
19 18 81
19 19 0
19 20 260
19 21 64
19 22 78
19 23 187
19 24 104
19 25 221
19 26 153
19 27 1073741824
19 28 62
19 29 97
19 30 87
19 31 32
19 32 245
19 33 132
19 34 43
19 35 111
19 36 269
19 37 113
19 38 175
19 39 182
19 40 64
19 41 262
19 42 138
19 43 232
19 44 4
19 45 21
19 46 125
19 47 51
19 48 128
19 49 191
19 50 24
19 51 207
19 52 205
19 53 131
19 54 124
19 55 153
19 56 113
19 57 95
19 58 16
19 59 187
19 60 273
19 61 225
19 62 38
19 63 20
19 64 81
19 65 19
19 66 151
19 67 258
19 68 245
19 69 151
19 70 98
19 71 69
19 72 231
19 73 42
19 74 62
19 75 273
19 76 94
19 77 144
19 78 180
19 79 120
19 80 151
19 81 111
19 82 189
19 83 6
19 84 3
19 85 2
19 86 177
19 87 131
19 88 60
19 89 275
19 90 50
19 91 1073741824
19 92 272
19 93 199
19 94 69
19 95 22
19 96 226
19 97 279
19 98 262
19 99 204
19 100 133
20 1 117
20 2 35
20 3 9
20 4 188
20 5 169
20 6 163
20 7 286
20 8 95
20 9 79
20 10 110
20 11 13
20 12 266
20 13 221
20 14 219
20 15 48
20 16 176
20 17 276
20 18 69
20 19 260
20 20 0
20 21 277
20 22 277
20 23 59
20 24 219
20 25 259
20 26 274
20 27 43
20 28 92
20 29 171
20 30 60
20 31 120
20 32 196
20 33 130
20 34 194
20 35 150
20 36 162
20 37 1073741824
20 38 173
20 39 203
20 40 41
20 41 218
20 42 68
20 43 285
20 44 22
20 45 153
20 46 146
20 47 1073741824
20 48 257
20 49 279
20 50 1073741824
20 51 176
20 52 125
20 53 60
20 54 119
20 55 240
20 56 214
20 57 263
20 58 251
20 59 100
20 60 1073741824
20 61 1
20 62 67
20 63 104
20 64 4
20 65 270
20 66 172
20 67 178
20 68 280
20 69 222
20 70 34
20 71 177
20 72 178
20 73 288
20 74 138
20 75 93
20 76 49
20 77 165
20 78 284
20 79 195
20 80 163
20 81 265
20 82 143
20 83 46
20 84 276
20 85 57
20 86 69
20 87 152
20 88 133
20 89 104
20 90 278
20 91 165
20 92 147
20 93 151
20 94 60
20 95 44
20 96 240
20 97 126
20 98 214
20 99 191
20 100 135
21 1 133
21 2 197
21 3 9
21 4 118
21 5 47
21 6 224
21 7 279
21 8 203
21 9 65
21 10 5
21 11 91
21 12 51
21 13 46
21 14 164
21 15 114
21 16 196
21 17 193
21 18 109
21 19 64
21 20 277
21 21 0
21 22 109
21 23 13
21 24 172
21 25 161
21 26 271
21 27 238
21 28 222
21 29 33
21 30 54
21 31 184
21 32 50
21 33 150
21 34 110
21 35 162
21 36 167
21 37 86
21 38 58
21 39 99
21 40 202
21 41 107
21 42 34
21 43 46
21 44 122
21 45 133
21 46 29
21 47 203
21 48 125
21 49 34
21 50 77
21 51 145
21 52 233
21 53 95
21 54 187
21 55 78
21 56 226
21 57 164
21 58 166
21 59 221
21 60 81
21 61 267
21 62 119
21 63 238
21 64 212
21 65 214
21 66 38
21 67 222
21 68 74
21 69 150
21 70 194
21 71 116
21 72 154
21 73 165
21 74 284
21 75 96
21 76 40
21 77 108
21 78 2
21 79 273
21 80 173
21 81 282
21 82 129
21 83 255
21 84 61
21 85 268
21 86 183
21 87 170
21 88 10
21 89 173
21 90 72
21 91 41
21 92 67
21 93 118
21 94 83
21 95 108
21 96 268
21 97 263
21 98 156
21 99 59
21 100 252
22 1 53
22 2 10
22 3 233
22 4 166
22 5 124
22 6 24
22 7 1073741824
22 8 111
22 9 19
22 10 24
22 11 29
22 12 7
22 13 77
22 14 52
22 15 193
22 16 178
22 17 219
22 18 209
22 19 78
22 20 277
22 21 109
22 22 0
22 23 207
22 24 1
22 25 39
22 26 219
22 27 208
22 28 34
22 29 283
22 30 65
22 31 154
22 32 115
22 33 112
22 34 29
22 35 25
22 36 34
22 37 1073741824
22 38 126
22 39 264
22 40 251
22 41 126
22 42 114
22 43 194
22 44 276
22 45 46
22 46 236
22 47 118
22 48 30
22 49 1
22 50 197
22 51 4
22 52 27
22 53 112
22 54 140
22 55 230
22 56 167
22 57 80
22 58 54
22 59 46
22 60 62
22 61 125
22 62 243
22 63 271
22 64 71
22 65 154
22 66 59
22 67 162
22 68 239
22 69 266
22 70 55
22 71 48
22 72 160
22 73 125
22 74 135
22 75 24
22 76 42
22 77 25
22 78 201
22 79 93
22 80 157
22 81 282
22 82 3
22 83 248
22 84 108
22 85 160
22 86 146
22 87 120
22 88 111
22 89 122
22 90 137
22 91 181
22 92 200
22 93 171
22 94 52
22 95 245
22 96 183
22 97 287
22 98 261
22 99 201
22 100 289
23 1 82
23 2 212
23 3 199
23 4 95
23 5 64
23 6 109
23 7 202
23 8 79
23 9 152
23 10 47
23 11 175
23 12 75
23 13 1073741824
23 14 214
23 15 230
23 16 1073741824
23 17 119
23 18 241
23 19 187
23 20 59
23 21 13
23 22 207
23 23 0
23 24 37
23 25 239
23 26 40
23 27 172
23 28 237
23 29 91
23 30 266
23 31 125
23 32 286
23 33 213
23 34 95
23 35 204
23 36 29
23 37 235
23 38 97
23 39 115
23 40 90
23 41 93
23 42 44
23 43 180
23 44 240
23 45 276
23 46 185
23 47 188
23 48 252
23 49 168
23 50 164
23 51 182
23 52 152
23 53 178
23 54 256
23 55 89
23 56 191
23 57 73
23 58 290
23 59 129
23 60 1073741824
23 61 220
23 62 94
23 63 187
23 64 251
23 65 27
23 66 134
23 67 207
23 68 250
23 69 270
23 70 209
23 71 89
23 72 139
23 73 229
23 74 74
23 75 129
23 76 49
23 77 39
23 78 141
23 79 56
23 80 175
23 81 55
23 82 1073741824
23 83 41
23 84 254
23 85 188
23 86 261
23 87 12
23 88 183
23 89 89
23 90 196
23 91 163
23 92 88
23 93 24
23 94 199
23 95 53
23 96 191
23 97 47
23 98 188
23 99 235
23 100 198
24 1 24
24 2 167
24 3 187
24 4 68
24 5 190
24 6 127
24 7 286
24 8 131
24 9 94
24 10 1073741824
24 11 246
24 12 209
24 13 164
24 14 281
24 15 28
24 16 107
24 17 48
24 18 60
24 19 104
24 20 219
24 21 172
24 22 1
24 23 37
24 24 0
24 25 66
24 26 287
24 27 246
24 28 229
24 29 235
24 30 142
24 31 53
24 32 158
24 33 102
24 34 106
24 35 1073741824
24 36 90
24 37 87
24 38 120
24 39 280
24 40 90
24 41 36
24 42 9
24 43 145
24 44 268
24 45 104
24 46 170
24 47 174
24 48 180
24 49 120
24 50 90
24 51 213
24 52 244
24 53 207
24 54 174
24 55 122
24 56 214
24 57 247
24 58 279
24 59 28
24 60 237
24 61 174
24 62 92
24 63 6
24 64 236
24 65 279
24 66 105
24 67 224
24 68 182
24 69 191
24 70 273
24 71 77
24 72 67
24 73 122
24 74 1073741824
24 75 46
24 76 237
24 77 216
24 78 212
24 79 154
24 80 166
24 81 204
24 82 130
24 83 135
24 84 12
24 85 234
24 86 18
24 87 286
24 88 236
24 89 43
24 90 186
24 91 243
24 92 193
24 93 13
24 94 163
24 95 221
24 96 56
24 97 277
24 98 252
24 99 8
24 100 230
25 1 11
25 2 139
25 3 190
25 4 62
25 5 88
25 6 45
25 7 79
25 8 202
25 9 144
25 10 141
25 11 268
25 12 203
25 13 122
25 14 191
25 15 242
25 16 238
25 17 107
25 18 238
25 19 221
25 20 259
25 21 161
25 22 39
25 23 239
25 24 66
25 25 0
25 26 228
25 27 160
25 28 116
25 29 190
25 30 28
25 31 265
25 32 250
25 33 177
25 34 180
25 35 204
25 36 89
25 37 100
25 38 23
25 39 251
25 40 120
25 41 42
25 42 31
25 43 105
25 44 36
25 45 13
25 46 223
25 47 88
25 48 227
25 49 21
25 50 65
25 51 78
25 52 77
25 53 38
25 54 133
25 55 108
25 56 34
25 57 135
25 58 265
25 59 252
25 60 265
25 61 221
25 62 86
25 63 1073741824
25 64 244
25 65 151
25 66 4
25 67 139
25 68 108
25 69 186
25 70 96
25 71 274
25 72 11
25 73 197
25 74 93
25 75 220
25 76 184
25 77 210
25 78 251
25 79 13
25 80 43
25 81 83
25 82 28
25 83 7
25 84 68
25 85 154
25 86 187
25 87 136
25 88 133
25 89 238
25 90 82
25 91 139
25 92 106
25 93 52
25 94 70
25 95 185
25 96 134
25 97 102
25 98 56
25 99 277
25 100 73
26 1 221
26 2 138
26 3 176
26 4 181
26 5 100
26 6 73
26 7 97
26 8 203
26 9 50
26 10 216
26 11 149
26 12 92
26 13 161
26 14 191
26 15 13
26 16 259
26 17 118
26 18 241
26 19 153
26 20 274
26 21 271
26 22 219
26 23 40
26 24 287
26 25 228
26 26 0
26 27 127
26 28 256
26 29 187
26 30 206
26 31 230
26 32 113
26 33 98
26 34 8
26 35 128
26 36 177
26 37 95
26 38 70
26 39 155
26 40 211
26 41 251
26 42 147
26 43 192
26 44 113
26 45 34
26 46 37
26 47 179
26 48 126
26 49 99
26 50 72
26 51 281
26 52 16
26 53 32
26 54 237
26 55 51
26 56 191
26 57 87
26 58 204
26 59 288
26 60 39
26 61 103
26 62 84
26 63 245
26 64 235
26 65 56
26 66 33
26 67 125
26 68 4
26 69 112
26 70 216
26 71 2
26 72 232
26 73 124
26 74 203
26 75 102
26 76 148
26 77 97
26 78 225
26 79 105
26 80 1073741824
26 81 172
26 82 275
26 83 55
26 84 11
26 85 120
26 86 269
26 87 248
26 88 169
26 89 204
26 90 148
26 91 284
26 92 39
26 93 233
26 94 153
26 95 158
26 96 158
26 97 112
26 98 211
26 99 250
26 100 221
27 1 107
27 2 66
27 3 162
27 4 66
27 5 133
27 6 18
27 7 220
27 8 27
27 9 247
27 10 258
27 11 260
27 12 125
27 13 21
27 14 10
27 15 12
27 16 201
27 17 202
27 18 32
27 19 1073741824
27 20 43
27 21 238
27 22 208
27 23 172
27 24 246
27 25 160
27 26 127
27 27 0
27 28 244
27 29 192
27 30 147
27 31 174
27 32 271
27 33 76
27 34 48
27 35 58
27 36 276
27 37 275
27 38 259
27 39 52
27 40 22
27 41 142
27 42 280
27 43 226
27 44 5
27 45 206
27 46 40
27 47 62
27 48 189
27 49 70
27 50 253
27 51 221
27 52 282
27 53 123
27 54 267
27 55 190
27 56 25
27 57 271
27 58 200
27 59 80
27 60 257
27 61 82
27 62 283
27 63 282
27 64 281
27 65 125
27 66 3
27 67 165
27 68 193
27 69 181
27 70 200
27 71 258
27 72 130
27 73 251
27 74 50
27 75 92
27 76 44
27 77 258
27 78 82
27 79 62
27 80 223
27 81 181
27 82 183
27 83 84
27 84 68
27 85 152
27 86 215
27 87 170
27 88 224
27 89 264
27 90 17
27 91 63
27 92 88
27 93 49
27 94 172
27 95 254
27 96 74
27 97 55
27 98 145
27 99 85
27 100 66
28 1 49
28 2 268
28 3 154
28 4 252
28 5 168
28 6 198
28 7 191
28 8 217
28 9 16
28 10 91
28 11 199
28 12 165
28 13 227
28 14 1073741824
28 15 210
28 16 60
28 17 287
28 18 23
28 19 62
28 20 92
28 21 222
28 22 34
28 23 237
28 24 229
28 25 116
28 26 256
28 27 244
28 28 0
28 29 132
28 30 127
28 31 143
28 32 117
28 33 95
28 34 155
28 35 289
28 36 10
28 37 208
28 38 140
28 39 205
28 40 1
28 41 93
28 42 119
28 43 7
28 44 234
28 45 160
28 46 174
28 47 193
28 48 226
28 49 1073741824
28 50 1073741824
28 51 277
28 52 108
28 53 86
28 54 37
28 55 72
28 56 24
28 57 114
28 58 255
28 59 137
28 60 216
28 61 186
28 62 220
28 63 136
28 64 106
28 65 277
28 66 191
28 67 280
28 68 139
28 69 148
28 70 266
28 71 118
28 72 286
28 73 127
28 74 140
28 75 248
28 76 86
28 77 69
28 78 175
28 79 153
28 80 190
28 81 114
28 82 127
28 83 227
28 84 73
28 85 138
28 86 216
28 87 16
28 88 34
28 89 196
28 90 285
28 91 128
28 92 205
28 93 131
28 94 27
28 95 200
28 96 117
28 97 179
28 98 134
28 99 209
28 100 35
29 1 118
29 2 46
29 3 233
29 4 249
29 5 52
29 6 84
29 7 83
29 8 118
29 9 192
29 10 107
29 11 90
29 12 1073741824
29 13 176
29 14 198
29 15 5
29 16 35
29 17 98
29 18 173
29 19 97
29 20 171
29 21 33
29 22 283
29 23 91
29 24 235
29 25 190
29 26 187
29 27 192
29 28 132
29 29 0
29 30 136
29 31 220
29 32 98
29 33 97
29 34 22
29 35 162
29 36 288
29 37 276
29 38 246
29 39 149
29 40 238
29 41 61
29 42 158
29 43 48
29 44 54
29 45 164
29 46 82
29 47 69
29 48 82
29 49 233
29 50 254
29 51 205
29 52 65
29 53 168
29 54 286
29 55 172
29 56 245
29 57 246
29 58 65
29 59 214
29 60 156
29 61 1073741824
29 62 188
29 63 92
29 64 87
29 65 190
29 66 262
29 67 99
29 68 186
29 69 252
29 70 271
29 71 1073741824
29 72 237
29 73 204
29 74 201
29 75 1073741824
29 76 34
29 77 218
29 78 232
29 79 110
29 80 188
29 81 1073741824
29 82 43
29 83 215
29 84 136
29 85 155
29 86 259
29 87 180
29 88 45
29 89 205
29 90 147
29 91 25
29 92 245
29 93 29
29 94 30
29 95 232
29 96 275
29 97 171
29 98 229
29 99 192
29 100 259
30 1 234
30 2 243
30 3 29
30 4 230
30 5 156
30 6 166
30 7 147
30 8 107
30 9 100
30 10 258
30 11 114
30 12 169
30 13 219
30 14 99
30 15 7
30 16 55
30 17 34
30 18 208
30 19 87
30 20 60
30 21 54
30 22 65
30 23 266
30 24 142
30 25 28
30 26 206
30 27 147
30 28 127
30 29 136
30 30 0
30 31 67
30 32 158
30 33 85
30 34 10
30 35 206
30 36 58
30 37 12
30 38 181
30 39 60
30 40 230
30 41 32
30 42 130
30 43 55
30 44 224
30 45 124
30 46 192
30 47 89
30 48 119
30 49 24
30 50 160
30 51 144
30 52 127
30 53 58
30 54 255
30 55 188
30 56 47
30 57 135
30 58 207
30 59 99
30 60 2
30 61 117
30 62 78
30 63 255
30 64 169
30 65 1073741824
30 66 77
30 67 189
30 68 237
30 69 124
30 70 18
30 71 145
30 72 288
30 73 26
30 74 211
30 75 183
30 76 100
30 77 24
30 78 17
30 79 174
30 80 281
30 81 59
30 82 120
30 83 39
30 84 213
30 85 250
30 86 202
30 87 10
30 88 183
30 89 225
30 90 70
30 91 1
30 92 185
30 93 43
30 94 152
30 95 197
30 96 52
30 97 35
30 98 66
30 99 25
30 100 265
31 1 242
31 2 55
31 3 117
31 4 220
31 5 69
31 6 194
31 7 81
31 8 162
31 9 120
31 10 196
31 11 227
31 12 60
31 13 263
31 14 171
31 15 180
31 16 290
31 17 243
31 18 208
31 19 32
31 20 120
31 21 184
31 22 154
31 23 125
31 24 53
31 25 265
31 26 230
31 27 174
31 28 143
31 29 220
31 30 67
31 31 0
31 32 65
31 33 198
31 34 116
31 35 66
31 36 278
31 37 211
31 38 203
31 39 112
31 40 257
31 41 259
31 42 232
31 43 243
31 44 119
31 45 172
31 46 68
31 47 214
31 48 69
31 49 231
31 50 187
31 51 185
31 52 32
31 53 211
31 54 176
31 55 271
31 56 213
31 57 191
31 58 259
31 59 149
31 60 23
31 61 226
31 62 238
31 63 235
31 64 105
31 65 285
31 66 64
31 67 71
31 68 1
31 69 45
31 70 107
31 71 276
31 72 196
31 73 193
31 74 22
31 75 173
31 76 124
31 77 221
31 78 236
31 79 267
31 80 287
31 81 155
31 82 22
31 83 136
31 84 122
31 85 260
31 86 70
31 87 75
31 88 82
31 89 1073741824
31 90 174
31 91 145
31 92 234
31 93 173
31 94 231
31 95 212
31 96 207
31 97 153
31 98 36
31 99 164
31 100 132
32 1 98
32 2 15
32 3 129
32 4 50
32 5 158
32 6 126
32 7 108
32 8 192
32 9 185
32 10 266
32 11 277
32 12 118
32 13 210
32 14 160
32 15 234
32 16 265
32 17 7
32 18 219
32 19 245
32 20 196
32 21 50
32 22 115
32 23 286
32 24 158
32 25 250
32 26 113
32 27 271
32 28 117
32 29 98
32 30 158
32 31 65
32 32 0
32 33 46
32 34 156
32 35 251
32 36 25
32 37 213
32 38 150
32 39 1073741824
32 40 110
32 41 192
32 42 45
32 43 94
32 44 115
32 45 67
32 46 65
32 47 104
32 48 95
32 49 218
32 50 266
32 51 251
32 52 260
32 53 191
32 54 129
32 55 153
32 56 28
32 57 274
32 58 33
32 59 285
32 60 178
32 61 125
32 62 12
32 63 66
32 64 277
32 65 147
32 66 178
32 67 3
32 68 149
32 69 138
32 70 191
32 71 286
32 72 43
32 73 132
32 74 260
32 75 175
32 76 281
32 77 72
32 78 42
32 79 108
32 80 122
32 81 90
32 82 53
32 83 71
32 84 1073741824
32 85 10
32 86 84
32 87 223
32 88 200
32 89 246
32 90 102
32 91 189
32 92 35
32 93 129
32 94 44
32 95 206
32 96 82
32 97 23
32 98 61
32 99 82
32 100 204
33 1 285
33 2 265
33 3 79
33 4 78
33 5 12
33 6 3
33 7 257
33 8 204
33 9 176
33 10 268
33 11 183
33 12 196
33 13 35
33 14 50
33 15 36
33 16 75
33 17 238
33 18 205
33 19 132
33 20 130
33 21 150
33 22 112
33 23 213
33 24 102
33 25 177
33 26 98
33 27 76
33 28 95
33 29 97
33 30 85
33 31 198
33 32 46
33 33 0
33 34 173
33 35 72
33 36 40
33 37 1073741824
33 38 20
33 39 106
33 40 216
33 41 126
33 42 123
33 43 131
33 44 81
33 45 205
33 46 96
33 47 26
33 48 235
33 49 270
33 50 173
33 51 58
33 52 86
33 53 112
33 54 145
33 55 113
33 56 96
33 57 196
33 58 167
33 59 1073741824
33 60 75
33 61 262
33 62 122
33 63 236
33 64 145
33 65 129
33 66 189
33 67 125
33 68 273
33 69 113
33 70 278
33 71 278
33 72 26
33 73 62
33 74 224
33 75 270
33 76 116
33 77 1073741824
33 78 122
33 79 1
33 80 262
33 81 279
33 82 140
33 83 14
33 84 222
33 85 106
33 86 209
33 87 186
33 88 22
33 89 106
33 90 244
33 91 201
33 92 158
33 93 105
33 94 140
33 95 111
33 96 267
33 97 196
33 98 287
33 99 94
33 100 162
34 1 269
34 2 20
34 3 202
34 4 1073741824
34 5 65
34 6 162
34 7 121
34 8 202
34 9 95
34 10 121
34 11 276
34 12 147
34 13 286
34 14 78
34 15 31
34 16 261
34 17 284
34 18 179
34 19 43
34 20 194
34 21 110
34 22 29
34 23 95
34 24 106
34 25 180
34 26 8
34 27 48
34 28 155
34 29 22
34 30 10
34 31 116
34 32 156
34 33 173
34 34 0
34 35 215
34 36 200
34 37 140
34 38 165
34 39 205
34 40 218
34 41 86
34 42 188
34 43 190
34 44 232
34 45 112
34 46 196
34 47 154
34 48 103
34 49 215
34 50 28
34 51 161
34 52 236
34 53 20
34 54 285
34 55 57
34 56 54
34 57 56
34 58 150
34 59 113
34 60 193
34 61 270
34 62 196
34 63 123
34 64 237
34 65 1073741824
34 66 285
34 67 32
34 68 111
34 69 202
34 70 259
34 71 46
34 72 38
34 73 177
34 74 34
34 75 160
34 76 177
34 77 34
34 78 196
34 79 99
34 80 64
34 81 119
34 82 253
34 83 161
34 84 163
34 85 9
34 86 90
34 87 49
34 88 241
34 89 1073741824
34 90 290
34 91 179
34 92 20
34 93 55
34 94 85
34 95 129
34 96 196
34 97 23
34 98 95
34 99 145
34 100 133
35 1 94
35 2 84
35 3 139
35 4 66
35 5 194
35 6 76
35 7 167
35 8 289
35 9 83
35 10 248
35 11 33
35 12 121
35 13 187
35 14 107
35 15 98
35 16 254
35 17 85
35 18 227
35 19 111
35 20 150
35 21 162
35 22 25
35 23 204
35 24 1073741824
35 25 204
35 26 128
35 27 58
35 28 289
35 29 162
35 30 206
35 31 66
35 32 251
35 33 72
35 34 215
35 35 0
35 36 152
35 37 19
35 38 190
35 39 262
35 40 11
35 41 237
35 42 196
35 43 273
35 44 100
35 45 245
35 46 284
35 47 199
35 48 182
35 49 240
35 50 156
35 51 149
35 52 185
35 53 241
35 54 69
35 55 20
35 56 91
35 57 66
35 58 166
35 59 181
35 60 85
35 61 122
35 62 239
35 63 109
35 64 138
35 65 42
35 66 6
35 67 37
35 68 95
35 69 261
35 70 280
35 71 208
35 72 231
35 73 245
35 74 84
35 75 100
35 76 262
35 77 75
35 78 110
35 79 144
35 80 254
35 81 44
35 82 230
35 83 234
35 84 178
35 85 285
35 86 200
35 87 274
35 88 109
35 89 282
35 90 32
35 91 279
35 92 152
35 93 72
35 94 33
35 95 54
35 96 163
35 97 248
35 98 253
35 99 271
35 100 212
36 1 159
36 2 98
36 3 281
36 4 285
36 5 240
36 6 229
36 7 184
36 8 111
36 9 147
36 10 247
36 11 195
36 12 215
36 13 110
36 14 21
36 15 47
36 16 40
36 17 284
36 18 184
36 19 269
36 20 162
36 21 167
36 22 34
36 23 29
36 24 90
36 25 89
36 26 177
36 27 276
36 28 10
36 29 288
36 30 58
36 31 278
36 32 25
36 33 40
36 34 200
36 35 152
36 36 0
36 37 161
36 38 50
36 39 71
36 40 170
36 41 286
36 42 84
36 43 142
36 44 187
36 45 1073741824
36 46 2
36 47 249
36 48 206
36 49 255
36 50 261
36 51 200
36 52 177
36 53 223
36 54 290
36 55 63
36 56 258
36 57 163
36 58 269
36 59 30
36 60 36
36 61 77
36 62 124
36 63 160
36 64 18
36 65 151
36 66 58
36 67 112
36 68 1073741824
36 69 1073741824
36 70 136
36 71 136
36 72 253
36 73 3
36 74 1073741824
36 75 211
36 76 105
36 77 268
36 78 13
36 79 112
36 80 68
36 81 168
36 82 32
36 83 188
36 84 191
36 85 80
36 86 252
36 87 267
36 88 287
36 89 103
36 90 15
36 91 133
36 92 125
36 93 257
36 94 185
36 95 156
36 96 236
36 97 282
36 98 162
36 99 111
36 100 176
37 1 239
37 2 225
37 3 269
37 4 12
37 5 201
37 6 42
37 7 13
37 8 129
37 9 153
37 10 108
37 11 157
37 12 170
37 13 163
37 14 288
37 15 251
37 16 174
37 17 211
37 18 142
37 19 113
37 20 1073741824
37 21 86
37 22 1073741824
37 23 235
37 24 87
37 25 100
37 26 95
37 27 275
37 28 208
37 29 276
37 30 12
37 31 211
37 32 213
37 33 1073741824
37 34 140
37 35 19
37 36 161
37 37 0
37 38 210
37 39 256
37 40 1073741824
37 41 143
37 42 98
37 43 248
37 44 113
37 45 278
37 46 225
37 47 181
37 48 141
37 49 11
37 50 15
37 51 112
37 52 174
37 53 278
37 54 239
37 55 163
37 56 141
37 57 207
37 58 263
37 59 1073741824
37 60 56
37 61 257
37 62 197
37 63 268
37 64 101
37 65 41
37 66 148
37 67 76
37 68 285
37 69 116
37 70 100
37 71 161
37 72 280
37 73 123
37 74 67
37 75 224
37 76 154
37 77 219
37 78 146
37 79 155
37 80 277
37 81 1073741824
37 82 182
37 83 127
37 84 262
37 85 96
37 86 11
37 87 178
37 88 138
37 89 1073741824
37 90 156
37 91 275
37 92 123
37 93 124
37 94 22
37 95 88
37 96 139
37 97 163
37 98 16
37 99 66
37 100 1073741824
38 1 1073741824
38 2 103
38 3 289
38 4 237
38 5 178
38 6 195
38 7 179
38 8 175
38 9 158
38 10 243
38 11 99
38 12 137
38 13 202
38 14 237
38 15 82
38 16 160
38 17 95
38 18 132
38 19 175
38 20 173
38 21 58
38 22 126
38 23 97
38 24 120
38 25 23
38 26 70
38 27 259
38 28 140
38 29 246
38 30 181
38 31 203
38 32 150
38 33 20
38 34 165
38 35 190
38 36 50
38 37 210
38 38 0
38 39 71
38 40 2
38 41 138
38 42 89
38 43 1073741824
38 44 181
38 45 15
38 46 121
38 47 39
38 48 87
38 49 217
38 50 157
38 51 29
38 52 190
38 53 273
38 54 41
38 55 269
38 56 136
38 57 86
38 58 206
38 59 204
38 60 75
38 61 46
38 62 162
38 63 32
38 64 223
38 65 185
38 66 54
38 67 210
38 68 3
38 69 17
38 70 1073741824
38 71 169
38 72 92
38 73 255
38 74 1073741824
38 75 138
38 76 145
38 77 130
38 78 118
38 79 174
38 80 143
38 81 174
38 82 34
38 83 43
38 84 81
38 85 3
38 86 281
38 87 13
38 88 51
38 89 213
38 90 267
38 91 220
38 92 49
38 93 134
38 94 259
38 95 68
38 96 91
38 97 229
38 98 14
38 99 100
38 100 60
39 1 242
39 2 120
39 3 290
39 4 142
39 5 17
39 6 108
39 7 82
39 8 182
39 9 40
39 10 222
39 11 32
39 12 1073741824
39 13 256
39 14 186
39 15 266
39 16 236
39 17 196
39 18 192
39 19 182
39 20 203
39 21 99
39 22 264
39 23 115
39 24 280
39 25 251
39 26 155
39 27 52
39 28 205
39 29 149
39 30 60
39 31 112
39 32 1073741824
39 33 106
39 34 205
39 35 262
39 36 71
39 37 256
39 38 71
39 39 0
39 40 266
39 41 1073741824
39 42 52
39 43 1073741824
39 44 277
39 45 53
39 46 260
39 47 33
39 48 132
39 49 231
39 50 57
39 51 122
39 52 102
39 53 273
39 54 40
39 55 252
39 56 284
39 57 185
39 58 120
39 59 237
39 60 31
39 61 1073741824
39 62 24
39 63 45
39 64 1073741824
39 65 145
39 66 244
39 67 264
39 68 162
39 69 198
39 70 135
39 71 248
39 72 50
39 73 4
39 74 65
39 75 157
39 76 179
39 77 123
39 78 110
39 79 191
39 80 173
39 81 92
39 82 249
39 83 209
39 84 174
39 85 91
39 86 35
39 87 18
39 88 107
39 89 256
39 90 113
39 91 1
39 92 29
39 93 134
39 94 7
39 95 77
39 96 189
39 97 199
39 98 109
39 99 49
39 100 45
40 1 50
40 2 79
40 3 287
40 4 287
40 5 37
40 6 278
40 7 178
40 8 178
40 9 109
40 10 128
40 11 156
40 12 115
40 13 138
40 14 201
40 15 119
40 16 134
40 17 264
40 18 264
40 19 64
40 20 41
40 21 202
40 22 251
40 23 90
40 24 90
40 25 120
40 26 211
40 27 22
40 28 1
40 29 238
40 30 230
40 31 257
40 32 110
40 33 216
40 34 218
40 35 11
40 36 170
40 37 1073741824
40 38 2
40 39 266
40 40 0
40 41 75
40 42 52
40 43 267
40 44 223
40 45 200
40 46 100
40 47 125
40 48 64
40 49 20
40 50 114
40 51 40
40 52 12
40 53 32
40 54 77
40 55 63
40 56 212
40 57 58
40 58 184
40 59 47
40 60 125
40 61 56
40 62 145
40 63 67
40 64 247
40 65 31
40 66 79
40 67 92
40 68 174
40 69 219
40 70 283
40 71 266
40 72 287
40 73 65
40 74 115
40 75 151
40 76 186
40 77 204
40 78 143
40 79 281
40 80 214
40 81 137
40 82 187
40 83 164
40 84 8
40 85 190
40 86 218
40 87 1073741824
40 88 12
40 89 180
40 90 288
40 91 280
40 92 266
40 93 64
40 94 71
40 95 184
40 96 206
40 97 48
40 98 141
40 99 98
40 100 246
41 1 279
41 2 268
41 3 268
41 4 10
41 5 107
41 6 1073741824
41 7 94
41 8 285
41 9 267
41 10 203
41 11 224
41 12 259
41 13 277
41 14 233
41 15 149
41 16 266
41 17 184
41 18 248
41 19 262
41 20 218
41 21 107
41 22 126
41 23 93
41 24 36
41 25 42
41 26 251
41 27 142
41 28 93
41 29 61
41 30 32
41 31 259
41 32 192
41 33 126
41 34 86
41 35 237
41 36 286
41 37 143
41 38 138
41 39 1073741824
41 40 75
41 41 0
41 42 116
41 43 49
41 44 215
41 45 211
41 46 141
41 47 54
41 48 233
41 49 143
41 50 142
41 51 289
41 52 234
41 53 138
41 54 233
41 55 211
41 56 1073741824
41 57 162
41 58 281
41 59 27
41 60 6
41 61 104
41 62 144
41 63 178
41 64 39
41 65 265
41 66 14
41 67 251
41 68 243
41 69 24
41 70 231
41 71 211
41 72 38
41 73 21
41 74 225
41 75 223
41 76 221
41 77 223
41 78 75
41 79 190
41 80 120
41 81 35
41 82 52
41 83 31
41 84 4
41 85 221
41 86 188
41 87 133
41 88 35
41 89 242
41 90 247
41 91 68
41 92 226
41 93 54
41 94 276
41 95 233
41 96 282
41 97 6
41 98 57
41 99 98
41 100 87
42 1 73
42 2 138
42 3 237
42 4 59
42 5 127
42 6 220
42 7 122
42 8 68
42 9 135
42 10 1073741824
42 11 123
42 12 192
42 13 144
42 14 22
42 15 255
42 16 69
42 17 1073741824
42 18 233
42 19 138
42 20 68
42 21 34
42 22 114
42 23 44
42 24 9
42 25 31
42 26 147
42 27 280
42 28 119
42 29 158
42 30 130
42 31 232
42 32 45
42 33 123
42 34 188
42 35 196
42 36 84
42 37 98
42 38 89
42 39 52
42 40 52
42 41 116
42 42 0
42 43 223
42 44 184
42 45 43
42 46 13
42 47 84
42 48 207
42 49 29
42 50 6
42 51 17
42 52 10
42 53 1073741824
42 54 9
42 55 155
42 56 51
42 57 81
42 58 225
42 59 158
42 60 268
42 61 46
42 62 125
42 63 167
42 64 44
42 65 159
42 66 152
42 67 113
42 68 210
42 69 1073741824
42 70 111
42 71 201
42 72 177
42 73 63
42 74 69
42 75 223
42 76 244
42 77 166
42 78 282
42 79 247
42 80 177
42 81 59
42 82 259
42 83 286
42 84 235
42 85 221
42 86 141
42 87 18
42 88 22
42 89 144
42 90 233
42 91 23
42 92 29
42 93 112
42 94 281
42 95 242
42 96 142
42 97 204
42 98 11
42 99 219
42 100 114
43 1 1073741824
43 2 284
43 3 244
43 4 223
43 5 45
43 6 210
43 7 44
43 8 241
43 9 2
43 10 6
43 11 217
43 12 257
43 13 243
43 14 261
43 15 151
43 16 11
43 17 53
43 18 241
43 19 232
43 20 285
43 21 46
43 22 194
43 23 180
43 24 145
43 25 105
43 26 192
43 27 226
43 28 7
43 29 48
43 30 55
43 31 243
43 32 94
43 33 131
43 34 190
43 35 273
43 36 142
43 37 248
43 38 1073741824
43 39 1073741824
43 40 267
43 41 49
43 42 223
43 43 0
43 44 77
43 45 168
43 46 52
43 47 102
43 48 190
43 49 140
43 50 115
43 51 63
43 52 131
43 53 228
43 54 198
43 55 87
43 56 240
43 57 26
43 58 245
43 59 275
43 60 234
43 61 198
43 62 36
43 63 219
43 64 89
43 65 244
43 66 155
43 67 155
43 68 62
43 69 166
43 70 4
43 71 70
43 72 86
43 73 178
43 74 262
43 75 254
43 76 174
43 77 90
43 78 25
43 79 46
43 80 11
43 81 32
43 82 277
43 83 246
43 84 183
43 85 18
43 86 13
43 87 51
43 88 69
43 89 119
43 90 156
43 91 278
43 92 13
43 93 136
43 94 206
43 95 187
43 96 16
43 97 229
43 98 175
43 99 272
43 100 272
44 1 253
44 2 171
44 3 43
44 4 58
44 5 38
44 6 269
44 7 200
44 8 144
44 9 251
44 10 137
44 11 267
44 12 36
44 13 228
44 14 165
44 15 284
44 16 238
44 17 286
44 18 233
44 19 4
44 20 22
44 21 122
44 22 276
44 23 240
44 24 268
44 25 36
44 26 113
44 27 5
44 28 234
44 29 54
44 30 224
44 31 119
44 32 115
44 33 81
44 34 232
44 35 100
44 36 187
44 37 113
44 38 181
44 39 277
44 40 223
44 41 215
44 42 184
44 43 77
44 44 0
44 45 278
44 46 34
44 47 49
44 48 223
44 49 90
44 50 79
44 51 155
44 52 22
44 53 1073741824
44 54 29
44 55 1073741824
44 56 238
44 57 175
44 58 83
44 59 253
44 60 201
44 61 99
44 62 260
44 63 207
44 64 142
44 65 195
44 66 273
44 67 284
44 68 160
44 69 180
44 70 284
44 71 70
44 72 250
44 73 232
44 74 167
44 75 99
44 76 140
44 77 220
44 78 243
44 79 123
44 80 162
44 81 162
44 82 222
44 83 278
44 84 174
44 85 184
44 86 162
44 87 38
44 88 1073741824
44 89 126
44 90 100
44 91 190
44 92 229
44 93 171
44 94 193
44 95 56
44 96 69
44 97 286
44 98 66
44 99 248
44 100 86
45 1 176
45 2 289
45 3 248
45 4 250
45 5 69
45 6 4
45 7 116
45 8 17
45 9 11
45 10 139
45 11 219
45 12 210
45 13 233
45 14 27
45 15 24
45 16 151
45 17 192
45 18 239
45 19 21
45 20 153
45 21 133
45 22 46
45 23 276
45 24 104
45 25 13
45 26 34
45 27 206
45 28 160
45 29 164
45 30 124
45 31 172
45 32 67
45 33 205
45 34 112
45 35 245
45 36 1073741824
45 37 278
45 38 15
45 39 53
45 40 200
45 41 211
45 42 43
45 43 168
45 44 278
45 45 0
45 46 95
45 47 32
45 48 205
45 49 35
45 50 116
45 51 112
45 52 116
45 53 34
45 54 231
45 55 233
45 56 61
45 57 182
45 58 40
45 59 251
45 60 10
45 61 82
45 62 75
45 63 119
45 64 252
45 65 1073741824
45 66 209
45 67 80
45 68 87
45 69 130
45 70 44
45 71 145
45 72 68
45 73 55
45 74 259
45 75 146
45 76 61
45 77 50
45 78 39
45 79 24
45 80 264
45 81 46
45 82 170
45 83 197
45 84 1073741824
45 85 43
45 86 71
45 87 217
45 88 34
45 89 257
45 90 67
45 91 58
45 92 7
45 93 54
45 94 11
45 95 179
45 96 79
45 97 16
45 98 3
45 99 255
45 100 175
46 1 82
46 2 138
46 3 287
46 4 40
46 5 86
46 6 218
46 7 25
46 8 160
46 9 57
46 10 137
46 11 257
46 12 289
46 13 233
46 14 6
46 15 234
46 16 233
46 17 281
46 18 93
46 19 125
46 20 146
46 21 29
46 22 236
46 23 185
46 24 170
46 25 223
46 26 37
46 27 40
46 28 174
46 29 82
46 30 192
46 31 68
46 32 65
46 33 96
46 34 196
46 35 284
46 36 2
46 37 225
46 38 121
46 39 260
46 40 100
46 41 141
46 42 13
46 43 52
46 44 34
46 45 95
46 46 0
46 47 1073741824
46 48 70
46 49 58
46 50 235
46 51 151
46 52 22
46 53 57
46 54 272
46 55 194
46 56 267
46 57 113
46 58 81
46 59 137
46 60 155
46 61 216
46 62 110
46 63 28
46 64 15
46 65 77
46 66 279
46 67 137
46 68 136
46 69 132
46 70 288
46 71 24
46 72 1073741824
46 73 239
46 74 43
46 75 265
46 76 108
46 77 1073741824
46 78 35
46 79 145
46 80 257
46 81 135
46 82 289
46 83 35
46 84 217
46 85 242
46 86 267
46 87 199
46 88 100
46 89 125
46 90 137
46 91 109
46 92 146
46 93 38
46 94 161
46 95 66
46 96 288
46 97 107
46 98 255
46 99 203
46 100 58
47 1 280
47 2 8
47 3 36
47 4 259
47 5 21
47 6 126
47 7 81
47 8 240
47 9 58
47 10 281
47 11 286
47 12 264
47 13 6
47 14 201
47 15 13
47 16 174
47 17 143
47 18 153
47 19 51
47 20 1073741824
47 21 203
47 22 118
47 23 188
47 24 174
47 25 88
47 26 179
47 27 62
47 28 193
47 29 69
47 30 89
47 31 214
47 32 104
47 33 26
47 34 154
47 35 199
47 36 249
47 37 181
47 38 39
47 39 33
47 40 125
47 41 54
47 42 84
47 43 102
47 44 49
47 45 32
47 46 1073741824
47 47 0
47 48 194
47 49 237
47 50 130
47 51 208
47 52 62
47 53 58
47 54 135
47 55 16
47 56 39
47 57 92
47 58 220
47 59 255
47 60 128
47 61 268
47 62 20
47 63 103
47 64 62
47 65 242
47 66 152
47 67 22
47 68 51
47 69 224
47 70 32
47 71 16
47 72 286
47 73 116
47 74 57
47 75 201
47 76 275
47 77 204
47 78 275
47 79 261
47 80 72
47 81 280
47 82 258
47 83 227
47 84 88
47 85 2
47 86 237
47 87 193
47 88 259
47 89 117
47 90 9
47 91 284
47 92 185
47 93 1073741824
47 94 277
47 95 121
47 96 76
47 97 271
47 98 68
47 99 195
47 100 28
48 1 238
48 2 153
48 3 190
48 4 143
48 5 195
48 6 136
48 7 116
48 8 126
48 9 18
48 10 170
48 11 66
48 12 200
48 13 266
48 14 258
48 15 119
48 16 59
48 17 223
48 18 115
48 19 128
48 20 257
48 21 125
48 22 30
48 23 252
48 24 180
48 25 227
48 26 126
48 27 189
48 28 226
48 29 82
48 30 119
48 31 69
48 32 95
48 33 235
48 34 103
48 35 182
48 36 206
48 37 141
48 38 87
48 39 132
48 40 64
48 41 233
48 42 207
48 43 190
48 44 223
48 45 205
48 46 70
48 47 194
48 48 0
48 49 66
48 50 246
48 51 280
48 52 156
48 53 275
48 54 26
48 55 129
48 56 158
48 57 179
48 58 216
48 59 111
48 60 222
48 61 50
48 62 101
48 63 148
48 64 130
48 65 286
48 66 109
48 67 119
48 68 65
48 69 216
48 70 163
48 71 56
48 72 207
48 73 290
48 74 105
48 75 152
48 76 228
48 77 172
48 78 135
48 79 14
48 80 187
48 81 54
48 82 134
48 83 136
48 84 191
48 85 165
48 86 134
48 87 169
48 88 104
48 89 222
48 90 244
48 91 148
48 92 93
48 93 217
48 94 39
48 95 110
48 96 72
48 97 3
48 98 181
48 99 276
48 100 130
49 1 88
49 2 2
49 3 204
49 4 19
49 5 181
49 6 177
49 7 32
49 8 281
49 9 144
49 10 99
49 11 94
49 12 172
49 13 214
49 14 141
49 15 148
49 16 55
49 17 44
49 18 52
49 19 191
49 20 279
49 21 34
49 22 1
49 23 168
49 24 120
49 25 21
49 26 99
49 27 70
49 28 1073741824
49 29 233
49 30 24
49 31 231
49 32 218
49 33 270
49 34 215
49 35 240
49 36 255
49 37 11
49 38 217
49 39 231
49 40 20
49 41 143
49 42 29
49 43 140
49 44 90
49 45 35
49 46 58
49 47 237
49 48 66
49 49 0
49 50 88
49 51 273
49 52 87
49 53 35
49 54 214
49 55 278
49 56 4
49 57 154
49 58 26
49 59 15
49 60 221
49 61 221
49 62 61
49 63 106
49 64 48
49 65 135
49 66 48
49 67 145
49 68 1073741824
49 69 247
49 70 17
49 71 20
49 72 95
49 73 130
49 74 2
49 75 27
49 76 100
49 77 120
49 78 206
49 79 237
49 80 86
49 81 1073741824
49 82 153
49 83 162
49 84 89
49 85 269
49 86 239
49 87 246
49 88 198
49 89 154
49 90 46
49 91 278
49 92 129
49 93 1073741824
49 94 82
49 95 101
49 96 282
49 97 284
49 98 207
49 99 243
49 100 172
50 1 242
50 2 237
50 3 247
50 4 280
50 5 222
50 6 249
50 7 239
50 8 83
50 9 206
50 10 205
50 11 9
50 12 13
50 13 242
50 14 263
50 15 24
50 16 287
50 17 160
50 18 52
50 19 24
50 20 1073741824
50 21 77
50 22 197
50 23 164
50 24 90
50 25 65
50 26 72
50 27 253
50 28 1073741824
50 29 254
50 30 160
50 31 187
50 32 266
50 33 173
50 34 28
50 35 156
50 36 261
50 37 15
50 38 157
50 39 57
50 40 114
50 41 142
50 42 6
50 43 115
50 44 79
50 45 116
50 46 235
50 47 130
50 48 246
50 49 88
50 50 0
50 51 206
50 52 60
50 53 98
50 54 196
50 55 287
50 56 89
50 57 87
50 58 213
50 59 186
50 60 187
50 61 177
50 62 48
50 63 250
50 64 171
50 65 235
50 66 26
50 67 231
50 68 35
50 69 213
50 70 248
50 71 229
50 72 278
50 73 22
50 74 35
50 75 1073741824
50 76 131
50 77 139
50 78 83
50 79 45
50 80 255
50 81 80
50 82 57
50 83 272
50 84 194
50 85 224
50 86 236
50 87 267
50 88 6
50 89 80
50 90 20
50 91 179
50 92 27
50 93 265
50 94 264
50 95 81
50 96 57
50 97 287
50 98 171
50 99 269
50 100 211
51 1 22
51 2 1073741824
51 3 221
51 4 50
51 5 210
51 6 165
51 7 266
51 8 25
51 9 137
51 10 225
51 11 226
51 12 154
51 13 206
51 14 88
51 15 109
51 16 1073741824
51 17 67
51 18 257
51 19 207
51 20 176
51 21 145
51 22 4
51 23 182
51 24 213
51 25 78
51 26 281
51 27 221
51 28 277
51 29 205
51 30 144
51 31 185
51 32 251
51 33 58
51 34 161
51 35 149
51 36 200
51 37 112
51 38 29
51 39 122
51 40 40
51 41 289
51 42 17
51 43 63
51 44 155
51 45 112
51 46 151
51 47 208
51 48 280
51 49 273
51 50 206
51 51 0
51 52 277
51 53 121
51 54 283
51 55 3
51 56 117
51 57 246
51 58 140
51 59 78
51 60 21
51 61 102
51 62 52
51 63 278
51 64 190
51 65 98
51 66 27
51 67 153
51 68 195
51 69 80
51 70 123
51 71 284
51 72 75
51 73 79
51 74 95
51 75 129
51 76 74
51 77 257
51 78 15
51 79 10
51 80 26
51 81 110
51 82 11
51 83 51
51 84 83
51 85 233
51 86 146
51 87 170
51 88 105
51 89 3
51 90 152
51 91 15
51 92 198
51 93 195
51 94 280
51 95 118
51 96 77
51 97 6
51 98 85
51 99 133
51 100 194
52 1 264
52 2 228
52 3 229
52 4 196
52 5 213
52 6 70
52 7 157
52 8 57
52 9 74
52 10 262
52 11 112
52 12 63
52 13 92
52 14 43
52 15 121
52 16 4
52 17 43
52 18 157
52 19 205
52 20 125
52 21 233
52 22 27
52 23 152
52 24 244
52 25 77
52 26 16
52 27 282
52 28 108
52 29 65
52 30 127
52 31 32
52 32 260
52 33 86
52 34 236
52 35 185
52 36 177
52 37 174
52 38 190
52 39 102
52 40 12
52 41 234
52 42 10
52 43 131
52 44 22
52 45 116
52 46 22
52 47 62
52 48 156
52 49 87
52 50 60
52 51 277
52 52 0
52 53 271
52 54 20
52 55 1073741824
52 56 103
52 57 62
52 58 239
52 59 127
52 60 265
52 61 242
52 62 226
52 63 15
52 64 81
52 65 124
52 66 211
52 67 247
52 68 262
52 69 131
52 70 75
52 71 80
52 72 160
52 73 153
52 74 30
52 75 154
52 76 222
52 77 146
52 78 254
52 79 220
52 80 135
52 81 3
52 82 50
52 83 238
52 84 26
52 85 75
52 86 207
52 87 131
52 88 238
52 89 69
52 90 199
52 91 143
52 92 79
52 93 43
52 94 140
52 95 114
52 96 144
52 97 188
52 98 10
52 99 61
52 100 267
53 1 251
53 2 259
53 3 127
53 4 264
53 5 5
53 6 269
53 7 50
53 8 149
53 9 27
53 10 182
53 11 26
53 12 256
53 13 63
53 14 190
53 15 28
53 16 144
53 17 103
53 18 277
53 19 131
53 20 60
53 21 95
53 22 112
53 23 178
53 24 207
53 25 38
53 26 32
53 27 123
53 28 86
53 29 168
53 30 58
53 31 211
53 32 191
53 33 112
53 34 20
53 35 241
53 36 223
53 37 278
53 38 273
53 39 273
53 40 32
53 41 138
53 42 1073741824
53 43 228
53 44 1073741824
53 45 34
53 46 57
53 47 58
53 48 275
53 49 35
53 50 98
53 51 121
53 52 271
53 53 0
53 54 15
53 55 241
53 56 207
53 57 95
53 58 223
53 59 260
53 60 51
53 61 110
53 62 19
53 63 98
53 64 276
53 65 237
53 66 116
53 67 232
53 68 228
53 69 96
53 70 173
53 71 196
53 72 182
53 73 1073741824
53 74 255
53 75 27
53 76 265
53 77 46
53 78 73
53 79 178
53 80 159
53 81 149
53 82 1
53 83 114
53 84 54
53 85 76
53 86 179
53 87 49
53 88 287
53 89 264
53 90 269
53 91 246
53 92 150
53 93 46
53 94 157
53 95 1073741824
53 96 266
53 97 220
53 98 106
53 99 135
53 100 289
54 1 276
54 2 188
54 3 174
54 4 131
54 5 183
54 6 281
54 7 76
54 8 286
54 9 104
54 10 20
54 11 57
54 12 98
54 13 164
54 14 18
54 15 206
54 16 228
54 17 27
54 18 163
54 19 124
54 20 119
54 21 187
54 22 140
54 23 256
54 24 174
54 25 133
54 26 237
54 27 267
54 28 37
54 29 286
54 30 255
54 31 176
54 32 129
54 33 145
54 34 285
54 35 69
54 36 290
54 37 239
54 38 41
54 39 40
54 40 77
54 41 233
54 42 9
54 43 198
54 44 29
54 45 231
54 46 272
54 47 135
54 48 26
54 49 214
54 50 196
54 51 283
54 52 20
54 53 15
54 54 0
54 55 36
54 56 1073741824
54 57 85
54 58 54
54 59 85
54 60 73
54 61 31
54 62 249
54 63 280
54 64 269
54 65 15
54 66 34
54 67 209
54 68 191
54 69 224
54 70 177
54 71 1
54 72 141
54 73 34
54 74 226
54 75 107
54 76 272
54 77 187
54 78 216
54 79 220
54 80 262
54 81 7
54 82 225
54 83 271
54 84 274
54 85 98
54 86 22
54 87 28
54 88 81
54 89 191
54 90 209
54 91 96
54 92 233
54 93 56
54 94 34
54 95 226
54 96 119
54 97 241
54 98 50
54 99 44
54 100 170
55 1 1073741824
55 2 284
55 3 270
55 4 210
55 5 116
55 6 91
55 7 91
55 8 250
55 9 73
55 10 66
55 11 193
55 12 178
55 13 83
55 14 45
55 15 268
55 16 190
55 17 96
55 18 122
55 19 153
55 20 240
55 21 78
55 22 230
55 23 89
55 24 122
55 25 108
55 26 51
55 27 190
55 28 72
55 29 172
55 30 188
55 31 271
55 32 153
55 33 113
55 34 57
55 35 20
55 36 63
55 37 163
55 38 269
55 39 252
55 40 63
55 41 211
55 42 155
55 43 87
55 44 1073741824
55 45 233
55 46 194
55 47 16
55 48 129
55 49 278
55 50 287
55 51 3
55 52 1073741824
55 53 241
55 54 36
55 55 0
55 56 212
55 57 160
55 58 25
55 59 250
55 60 167
55 61 257
55 62 16
55 63 271
55 64 60
55 65 241
55 66 115
55 67 47
55 68 54
55 69 198
55 70 276
55 71 228
55 72 147
55 73 119
55 74 222
55 75 287
55 76 193
55 77 115
55 78 210
55 79 146
55 80 272
55 81 1073741824
55 82 267
55 83 113
55 84 222
55 85 48
55 86 118
55 87 261
55 88 94
55 89 238
55 90 65
55 91 264
55 92 182
55 93 243
55 94 113
55 95 206
55 96 169
55 97 182
55 98 179
55 99 165
55 100 88
56 1 147
56 2 10
56 3 101
56 4 156
56 5 127
56 6 231
56 7 183
56 8 276
56 9 240
56 10 1
56 11 35
56 12 138
56 13 85
56 14 284
56 15 69
56 16 74
56 17 17
56 18 53
56 19 113
56 20 214
56 21 226
56 22 167
56 23 191
56 24 214
56 25 34
56 26 191
56 27 25
56 28 24
56 29 245
56 30 47
56 31 213
56 32 28
56 33 96
56 34 54
56 35 91
56 36 258
56 37 141
56 38 136
56 39 284
56 40 212
56 41 1073741824
56 42 51
56 43 240
56 44 238
56 45 61
56 46 267
56 47 39
56 48 158
56 49 4
56 50 89
56 51 117
56 52 103
56 53 207
56 54 1073741824
56 55 212
56 56 0
56 57 77
56 58 80
56 59 238
56 60 228
56 61 109
56 62 1073741824
56 63 178
56 64 62
56 65 143
56 66 46
56 67 30
56 68 270
56 69 245
56 70 284
56 71 25
56 72 79
56 73 183
56 74 44
56 75 115
56 76 196
56 77 222
56 78 8
56 79 25
56 80 37
56 81 71
56 82 132
56 83 155
56 84 158
56 85 155
56 86 81
56 87 18
56 88 243
56 89 76
56 90 232
56 91 228
56 92 234
56 93 11
56 94 99
56 95 10
56 96 290
56 97 19
56 98 106
56 99 286
56 100 58
57 1 244
57 2 180
57 3 244
57 4 206
57 5 221
57 6 269
57 7 202
57 8 172
57 9 50
57 10 30
57 11 45
57 12 176
57 13 267
57 14 63
57 15 1
57 16 179
57 17 170
57 18 170
57 19 95
57 20 263
57 21 164
57 22 80
57 23 73
57 24 247
57 25 135
57 26 87
57 27 271
57 28 114
57 29 246
57 30 135
57 31 191
57 32 274
57 33 196
57 34 56
57 35 66
57 36 163
57 37 207
57 38 86
57 39 185
57 40 58
57 41 162
57 42 81
57 43 26
57 44 175
57 45 182
57 46 113
57 47 92
57 48 179
57 49 154
57 50 87
57 51 246
57 52 62
57 53 95
57 54 85
57 55 160
57 56 77
57 57 0
57 58 138
57 59 128
57 60 92
57 61 154
57 62 141
57 63 146
57 64 128
57 65 201
57 66 247
57 67 3
57 68 10
57 69 145
57 70 190
57 71 85
57 72 26
57 73 56
57 74 52
57 75 83
57 76 15
57 77 177
57 78 102
57 79 213
57 80 221
57 81 240
57 82 228
57 83 91
57 84 187
57 85 110
57 86 22
57 87 143
57 88 188
57 89 222
57 90 99
57 91 122
57 92 244
57 93 219
57 94 109
57 95 123
57 96 182
57 97 58
57 98 244
57 99 27
57 100 38
58 1 255
58 2 205
58 3 119
58 4 71
58 5 58
58 6 263
58 7 36
58 8 118
58 9 103
58 10 203
58 11 199
58 12 156
58 13 264
58 14 1073741824
58 15 91
58 16 22
58 17 39
58 18 48
58 19 16
58 20 251
58 21 166
58 22 54
58 23 290
58 24 279
58 25 265
58 26 204
58 27 200
58 28 255
58 29 65
58 30 207
58 31 259
58 32 33
58 33 167
58 34 150
58 35 166
58 36 269
58 37 263
58 38 206
58 39 120
58 40 184
58 41 281
58 42 225
58 43 245
58 44 83
58 45 40
58 46 81
58 47 220
58 48 216
58 49 26
58 50 213
58 51 140
58 52 239
58 53 223
58 54 54
58 55 25
58 56 80
58 57 138
58 58 0
58 59 36
58 60 136
58 61 185
58 62 129
58 63 1073741824
58 64 75
58 65 225
58 66 261
58 67 5
58 68 284
58 69 66
58 70 275
58 71 270
58 72 177
58 73 128
58 74 264
58 75 198
58 76 106
58 77 184
58 78 286
58 79 266
58 80 86
58 81 192
58 82 32
58 83 203
58 84 24
58 85 96
58 86 173
58 87 173
58 88 244
58 89 228
58 90 178
58 91 81
58 92 7
58 93 267
58 94 4
58 95 224
58 96 208
58 97 53
58 98 4
58 99 155
58 100 121
59 1 267
59 2 179
59 3 266
59 4 108
59 5 35
59 6 156
59 7 109
59 8 116
59 9 78
59 10 177
59 11 267
59 12 232
59 13 26
59 14 15
59 15 192
59 16 77
59 17 276
59 18 185
59 19 187
59 20 100
59 21 221
59 22 46
59 23 129
59 24 28
59 25 252
59 26 288
59 27 80
59 28 137
59 29 214
59 30 99
59 31 149
59 32 285
59 33 1073741824
59 34 113
59 35 181
59 36 30
59 37 1073741824
59 38 204
59 39 237
59 40 47
59 41 27
59 42 158
59 43 275
59 44 253
59 45 251
59 46 137
59 47 255
59 48 111
59 49 15
59 50 186
59 51 78
59 52 127
59 53 260
59 54 85
59 55 250
59 56 238
59 57 128
59 58 36
59 59 0
59 60 284
59 61 65
59 62 264
59 63 229
59 64 22
59 65 278
59 66 157
59 67 110
59 68 274
59 69 19
59 70 158
59 71 179
59 72 17
59 73 22
59 74 219
59 75 289
59 76 37
59 77 104
59 78 69
59 79 264
59 80 51
59 81 188
59 82 230
59 83 196
59 84 214
59 85 20
59 86 92
59 87 128
59 88 290
59 89 10
59 90 231
59 91 287
59 92 204
59 93 231
59 94 282
59 95 250
59 96 120
59 97 260
59 98 9
59 99 124
59 100 189
60 1 259
60 2 121
60 3 150
60 4 55
60 5 116
60 6 250
60 7 234
60 8 202
60 9 234
60 10 130
60 11 22
60 12 1073741824
60 13 86
60 14 134
60 15 145
60 16 159
60 17 274
60 18 28
60 19 273
60 20 1073741824
60 21 81
60 22 62
60 23 1073741824
60 24 237
60 25 265
60 26 39
60 27 257
60 28 216
60 29 156
60 30 2
60 31 23
60 32 178
60 33 75
60 34 193
60 35 85
60 36 36
60 37 56
60 38 75
60 39 31
60 40 125
60 41 6
60 42 268
60 43 234
60 44 201
60 45 10
60 46 155
60 47 128
60 48 222
60 49 221
60 50 187
60 51 21
60 52 265
60 53 51
60 54 73
60 55 167
60 56 228
60 57 92
60 58 136
60 59 284
60 60 0
60 61 196
60 62 20
60 63 115
60 64 39
60 65 211
60 66 91
60 67 180
60 68 27
60 69 75
60 70 225
60 71 102
60 72 274
60 73 63
60 74 142
60 75 271
60 76 219
60 77 107
60 78 283
60 79 1073741824
60 80 188
60 81 17
60 82 89
60 83 285
60 84 247
60 85 56
60 86 162
60 87 266
60 88 199
60 89 57
60 90 107
60 91 29
60 92 42
60 93 9
60 94 233
60 95 233
60 96 145
60 97 174
60 98 129
60 99 278
60 100 83
61 1 192
61 2 211
61 3 285
61 4 5
61 5 107
61 6 79
61 7 138
61 8 266
61 9 241
61 10 178
61 11 41
61 12 196
61 13 205
61 14 152
61 15 27
61 16 123
61 17 148
61 18 225
61 19 225
61 20 1
61 21 267
61 22 125
61 23 220
61 24 174
61 25 221
61 26 103
61 27 82
61 28 186
61 29 1073741824
61 30 117
61 31 226
61 32 125
61 33 262
61 34 270
61 35 122
61 36 77
61 37 257
61 38 46
61 39 1073741824
61 40 56
61 41 104
61 42 46
61 43 198
61 44 99
61 45 82
61 46 216
61 47 268
61 48 50
61 49 221
61 50 177
61 51 102
61 52 242
61 53 110
61 54 31
61 55 257
61 56 109
61 57 154
61 58 185
61 59 65
61 60 196
61 61 0
61 62 75
61 63 77
61 64 73
61 65 106
61 66 1073741824
61 67 78
61 68 228
61 69 179
61 70 4
61 71 92
61 72 160
61 73 158
61 74 120
61 75 151
61 76 103
61 77 130
61 78 147
61 79 196
61 80 232
61 81 246
61 82 167
61 83 243
61 84 44
61 85 272
61 86 14
61 87 242
61 88 261
61 89 184
61 90 229
61 91 202
61 92 80
61 93 173
61 94 73
61 95 40
61 96 244
61 97 285
61 98 162
61 99 134
61 100 143
62 1 1073741824
62 2 284
62 3 54
62 4 237
62 5 132
62 6 190
62 7 48
62 8 285
62 9 288
62 10 138
62 11 99
62 12 33
62 13 194
62 14 107
62 15 25
62 16 173
62 17 10
62 18 31
62 19 38
62 20 67
62 21 119
62 22 243
62 23 94
62 24 92
62 25 86
62 26 84
62 27 283
62 28 220
62 29 188
62 30 78
62 31 238
62 32 12
62 33 122
62 34 196
62 35 239
62 36 124
62 37 197
62 38 162
62 39 24
62 40 145
62 41 144
62 42 125
62 43 36
62 44 260
62 45 75
62 46 110
62 47 20
62 48 101
62 49 61
62 50 48
62 51 52
62 52 226
62 53 19
62 54 249
62 55 16
62 56 1073741824
62 57 141
62 58 129
62 59 264
62 60 20
62 61 75
62 62 0
62 63 48
62 64 165
62 65 128
62 66 100
62 67 257
62 68 166
62 69 112
62 70 62
62 71 221
62 72 178
62 73 205
62 74 2
62 75 16
62 76 3
62 77 95
62 78 217
62 79 162
62 80 252
62 81 241
62 82 283
62 83 260
62 84 70
62 85 78
62 86 155
62 87 147
62 88 47
62 89 110
62 90 241
62 91 142
62 92 220
62 93 195
62 94 37
62 95 258
62 96 115
62 97 170
62 98 166
62 99 283
62 100 275
63 1 135
63 2 186
63 3 3
63 4 121
63 5 125
63 6 134
63 7 265
63 8 125
63 9 183
63 10 32
63 11 49
63 12 19
63 13 118
63 14 250
63 15 140
63 16 129
63 17 260
63 18 34
63 19 20
63 20 104
63 21 238
63 22 271
63 23 187
63 24 6
63 25 1073741824
63 26 245
63 27 282
63 28 136
63 29 92
63 30 255
63 31 235
63 32 66
63 33 236
63 34 123
63 35 109
63 36 160
63 37 268
63 38 32
63 39 45
63 40 67
63 41 178
63 42 167
63 43 219
63 44 207
63 45 119
63 46 28
63 47 103
63 48 148
63 49 106
63 50 250
63 51 278
63 52 15
63 53 98
63 54 280
63 55 271
63 56 178
63 57 146
63 58 1073741824
63 59 229
63 60 115
63 61 77
63 62 48
63 63 0
63 64 173
63 65 257
63 66 131
63 67 267
63 68 257
63 69 231
63 70 132
63 71 278
63 72 80
63 73 4
63 74 247
63 75 181
63 76 49
63 77 158
63 78 24
63 79 141
63 80 166
63 81 222
63 82 120
63 83 283
63 84 217
63 85 56
63 86 205
63 87 261
63 88 170
63 89 51
63 90 12
63 91 31
63 92 232
63 93 280
63 94 124
63 95 196
63 96 105
63 97 1073741824
63 98 91
63 99 87
63 100 286
64 1 124
64 2 147
64 3 74
64 4 188
64 5 170
64 6 208
64 7 211
64 8 205
64 9 163
64 10 4
64 11 214
64 12 35
64 13 68
64 14 1073741824
64 15 93
64 16 133
64 17 284
64 18 90
64 19 81
64 20 4
64 21 212
64 22 71
64 23 251
64 24 236
64 25 244
64 26 235
64 27 281
64 28 106
64 29 87
64 30 169
64 31 105
64 32 277
64 33 145
64 34 237
64 35 138
64 36 18
64 37 101
64 38 223
64 39 1073741824
64 40 247
64 41 39
64 42 44
64 43 89
64 44 142
64 45 252
64 46 15
64 47 62
64 48 130
64 49 48
64 50 171
64 51 190
64 52 81
64 53 276
64 54 269
64 55 60
64 56 62
64 57 128
64 58 75
64 59 22
64 60 39
64 61 73
64 62 165
64 63 173
64 64 0
64 65 1
64 66 241
64 67 221
64 68 133
64 69 1073741824
64 70 126
64 71 11
64 72 20
64 73 24
64 74 246
64 75 1073741824
64 76 128
64 77 72
64 78 34
64 79 28
64 80 33
64 81 181
64 82 228
64 83 250
64 84 171
64 85 212
64 86 38
64 87 1073741824
64 88 151
64 89 135
64 90 183
64 91 148
64 92 149
64 93 198
64 94 12
64 95 281
64 96 1073741824
64 97 75
64 98 44
64 99 250
64 100 132
65 1 232
65 2 5
65 3 266
65 4 21
65 5 196
65 6 237
65 7 9
65 8 107
65 9 39
65 10 257
65 11 254
65 12 211
65 13 290
65 14 58
65 15 118
65 16 222
65 17 258
65 18 104
65 19 19
65 20 270
65 21 214
65 22 154
65 23 27
65 24 279
65 25 151
65 26 56
65 27 125
65 28 277
65 29 190
65 30 1073741824
65 31 285
65 32 147
65 33 129
65 34 1073741824
65 35 42
65 36 151
65 37 41
65 38 185
65 39 145
65 40 31
65 41 265
65 42 159
65 43 244
65 44 195
65 45 1073741824
65 46 77
65 47 242
65 48 286
65 49 135
65 50 235
65 51 98
65 52 124
65 53 237
65 54 15
65 55 241
65 56 143
65 57 201
65 58 225
65 59 278
65 60 211
65 61 106
65 62 128
65 63 257
65 64 1
65 65 0
65 66 155
65 67 79
65 68 159
65 69 1073741824
65 70 128
65 71 182
65 72 142
65 73 44
65 74 200
65 75 1073741824
65 76 72
65 77 169
65 78 71
65 79 204
65 80 1073741824
65 81 184
65 82 143
65 83 192
65 84 80
65 85 127
65 86 1073741824
65 87 191
65 88 234
65 89 202
65 90 128
65 91 183
65 92 88
65 93 68
65 94 136
65 95 99
65 96 45
65 97 125
65 98 67
65 99 18
65 100 155
66 1 82
66 2 164
66 3 210
66 4 68
66 5 208
66 6 5
66 7 263
66 8 187
66 9 97
66 10 158
66 11 111
66 12 9
66 13 290
66 14 137
66 15 148
66 16 173
66 17 25
66 18 9
66 19 151
66 20 172
66 21 38
66 22 59
66 23 134
66 24 105
66 25 4
66 26 33
66 27 3
66 28 191
66 29 262
66 30 77
66 31 64
66 32 178
66 33 189
66 34 285
66 35 6
66 36 58
66 37 148
66 38 54
66 39 244
66 40 79
66 41 14
66 42 152
66 43 155
66 44 273
66 45 209
66 46 279
66 47 152
66 48 109
66 49 48
66 50 26
66 51 27
66 52 211
66 53 116
66 54 34
66 55 115
66 56 46
66 57 247
66 58 261
66 59 157
66 60 91
66 61 1073741824
66 62 100
66 63 131
66 64 241
66 65 155
66 66 0
66 67 147
66 68 71
66 69 18
66 70 44
66 71 239
66 72 128
66 73 97
66 74 11
66 75 103
66 76 219
66 77 8
66 78 70
66 79 146
66 80 159
66 81 16
66 82 212
66 83 109
66 84 1073741824
66 85 188
66 86 101
66 87 142
66 88 1073741824
66 89 153
66 90 11
66 91 90
66 92 226
66 93 23
66 94 103
66 95 261
66 96 184
66 97 208
66 98 153
66 99 215
66 100 151
67 1 171
67 2 56
67 3 24
67 4 90
67 5 248
67 6 286
67 7 199
67 8 235
67 9 163
67 10 129
67 11 18
67 12 215
67 13 154
67 14 169
67 15 235
67 16 1
67 17 114
67 18 220
67 19 258
67 20 178
67 21 222
67 22 162
67 23 207
67 24 224
67 25 139
67 26 125
67 27 165
67 28 280
67 29 99
67 30 189
67 31 71
67 32 3
67 33 125
67 34 32
67 35 37
67 36 112
67 37 76
67 38 210
67 39 264
67 40 92
67 41 251
67 42 113
67 43 155
67 44 284
67 45 80
67 46 137
67 47 22
67 48 119
67 49 145
67 50 231
67 51 153
67 52 247
67 53 232
67 54 209
67 55 47
67 56 30
67 57 3
67 58 5
67 59 110
67 60 180
67 61 78
67 62 257
67 63 267
67 64 221
67 65 79
67 66 147
67 67 0
67 68 167
67 69 133
67 70 221
67 71 256
67 72 81
67 73 40
67 74 79
67 75 98
67 76 88
67 77 61
67 78 140
67 79 52
67 80 218
67 81 119
67 82 249
67 83 250
67 84 166
67 85 68
67 86 102
67 87 254
67 88 159
67 89 200
67 90 221
67 91 15
67 92 9
67 93 150
67 94 233
67 95 59
67 96 144
67 97 229
67 98 13
67 99 99
67 100 260
68 1 86
68 2 108
68 3 72
68 4 195
68 5 240
68 6 139
68 7 167
68 8 1073741824
68 9 72
68 10 209
68 11 101
68 12 283
68 13 260
68 14 116
68 15 251
68 16 208
68 17 206
68 18 1073741824
68 19 245
68 20 280
68 21 74
68 22 239
68 23 250
68 24 182
68 25 108
68 26 4
68 27 193
68 28 139
68 29 186
68 30 237
68 31 1
68 32 149
68 33 273
68 34 111
68 35 95
68 36 1073741824
68 37 285
68 38 3
68 39 162
68 40 174
68 41 243
68 42 210
68 43 62
68 44 160
68 45 87
68 46 136
68 47 51
68 48 65
68 49 1073741824
68 50 35
68 51 195
68 52 262
68 53 228
68 54 191
68 55 54
68 56 270
68 57 10
68 58 284
68 59 274
68 60 27
68 61 228
68 62 166
68 63 257
68 64 133
68 65 159
68 66 71
68 67 167
68 68 0
68 69 1073741824
68 70 99
68 71 219
68 72 90
68 73 38
68 74 253
68 75 196
68 76 80
68 77 186
68 78 11
68 79 84
68 80 146
68 81 98
68 82 281
68 83 1073741824
68 84 13
68 85 174
68 86 105
68 87 229
68 88 114
68 89 79
68 90 175
68 91 183
68 92 167
68 93 15
68 94 251
68 95 86
68 96 24
68 97 86
68 98 233
68 99 144
68 100 214
69 1 59
69 2 107
69 3 38
69 4 239
69 5 1073741824
69 6 32
69 7 277
69 8 65
69 9 161
69 10 98
69 11 137
69 12 188
69 13 225
69 14 195
69 15 63
69 16 12
69 17 162
69 18 238
69 19 151
69 20 222
69 21 150
69 22 266
69 23 270
69 24 191
69 25 186
69 26 112
69 27 181
69 28 148
69 29 252
69 30 124
69 31 45
69 32 138
69 33 113
69 34 202
69 35 261
69 36 1073741824
69 37 116
69 38 17
69 39 198
69 40 219
69 41 24
69 42 1073741824
69 43 166
69 44 180
69 45 130
69 46 132
69 47 224
69 48 216
69 49 247
69 50 213
69 51 80
69 52 131
69 53 96
69 54 224
69 55 198
69 56 245
69 57 145
69 58 66
69 59 19
69 60 75
69 61 179
69 62 112
69 63 231
69 64 1073741824
69 65 1073741824
69 66 18
69 67 133
69 68 1073741824
69 69 0
69 70 33
69 71 132
69 72 2
69 73 258
69 74 47
69 75 283
69 76 269
69 77 123
69 78 160
69 79 250
69 80 183
69 81 32
69 82 263
69 83 116
69 84 99
69 85 183
69 86 261
69 87 139
69 88 272
69 89 132
69 90 246
69 91 12
69 92 166
69 93 192
69 94 169
69 95 54
69 96 235
69 97 209
69 98 33
69 99 151
69 100 170
70 1 19
70 2 137
70 3 227
70 4 8
70 5 45
70 6 49
70 7 201
70 8 137
70 9 209
70 10 272
70 11 1073741824
70 12 170
70 13 52
70 14 161
70 15 175
70 16 218
70 17 89
70 18 104
70 19 98
70 20 34
70 21 194
70 22 55
70 23 209
70 24 273
70 25 96
70 26 216
70 27 200
70 28 266
70 29 271
70 30 18
70 31 107
70 32 191
70 33 278
70 34 259
70 35 280
70 36 136
70 37 100
70 38 1073741824
70 39 135
70 40 283
70 41 231
70 42 111
70 43 4
70 44 284
70 45 44
70 46 288
70 47 32
70 48 163
70 49 17
70 50 248
70 51 123
70 52 75
70 53 173
70 54 177
70 55 276
70 56 284
70 57 190
70 58 275
70 59 158
70 60 225
70 61 4
70 62 62
70 63 132
70 64 126
70 65 128
70 66 44
70 67 221
70 68 99
70 69 33
70 70 0
70 71 209
70 72 62
70 73 90
70 74 135
70 75 96
70 76 253
70 77 104
70 78 233
70 79 126
70 80 274
70 81 169
70 82 44
70 83 190
70 84 200
70 85 18
70 86 30
70 87 271
70 88 234
70 89 263
70 90 6
70 91 187
70 92 100
70 93 145
70 94 266
70 95 15
70 96 170
70 97 1073741824
70 98 21
70 99 230
70 100 12
71 1 129
71 2 129
71 3 40
71 4 37
71 5 56
71 6 118
71 7 20
71 8 43
71 9 1073741824
71 10 198
71 11 216
71 12 42
71 13 132
71 14 275
71 15 254
71 16 83
71 17 180
71 18 269
71 19 69
71 20 177
71 21 116
71 22 48
71 23 89
71 24 77
71 25 274
71 26 2
71 27 258
71 28 118
71 29 1073741824
71 30 145
71 31 276
71 32 286
71 33 278
71 34 46
71 35 208
71 36 136
71 37 161
71 38 169
71 39 248
71 40 266
71 41 211
71 42 201
71 43 70
71 44 70
71 45 145
71 46 24
71 47 16
71 48 56
71 49 20
71 50 229
71 51 284
71 52 80
71 53 196
71 54 1
71 55 228
71 56 25
71 57 85
71 58 270
71 59 179
71 60 102
71 61 92
71 62 221
71 63 278
71 64 11
71 65 182
71 66 239
71 67 256
71 68 219
71 69 132
71 70 209
71 71 0
71 72 6
71 73 130
71 74 70
71 75 27
71 76 191
71 77 117
71 78 187
71 79 183
71 80 6
71 81 171
71 82 103
71 83 80
71 84 59
71 85 241
71 86 48
71 87 1073741824
71 88 49
71 89 1073741824
71 90 107
71 91 204
71 92 133
71 93 253
71 94 111
71 95 29
71 96 176
71 97 148
71 98 191
71 99 5
71 100 111
72 1 271
72 2 270
72 3 195
72 4 145
72 5 30
72 6 183
72 7 271
72 8 282
72 9 108
72 10 6
72 11 9
72 12 171
72 13 115
72 14 239
72 15 43
72 16 87
72 17 36
72 18 153
72 19 231
72 20 178
72 21 154
72 22 160
72 23 139
72 24 67
72 25 11
72 26 232
72 27 130
72 28 286
72 29 237
72 30 288
72 31 196
72 32 43
72 33 26
72 34 38
72 35 231
72 36 253
72 37 280
72 38 92
72 39 50
72 40 287
72 41 38
72 42 177
72 43 86
72 44 250
72 45 68
72 46 1073741824
72 47 286
72 48 207
72 49 95
72 50 278
72 51 75
72 52 160
72 53 182
72 54 141
72 55 147
72 56 79
72 57 26
72 58 177
72 59 17
72 60 274
72 61 160
72 62 178
72 63 80
72 64 20
72 65 142
72 66 128
72 67 81
72 68 90
72 69 2
72 70 62
72 71 6
72 72 0
72 73 246
72 74 104
72 75 157
72 76 278
72 77 253
72 78 98
72 79 61
72 80 86
72 81 52
72 82 232
72 83 55
72 84 275
72 85 1073741824
72 86 144
72 87 49
72 88 155
72 89 280
72 90 24
72 91 169
72 92 94
72 93 104
72 94 258
72 95 158
72 96 187
72 97 22
72 98 51
72 99 97
72 100 39
73 1 178
73 2 166
73 3 125
73 4 101
73 5 86
73 6 127
73 7 138
73 8 93
73 9 137
73 10 28
73 11 182
73 12 131
73 13 17
73 14 139
73 15 20
73 16 195
73 17 69
73 18 61
73 19 42
73 20 288
73 21 165
73 22 125
73 23 229
73 24 122
73 25 197
73 26 124
73 27 251
73 28 127
73 29 204
73 30 26
73 31 193
73 32 132
73 33 62
73 34 177
73 35 245
73 36 3
73 37 123
73 38 255
73 39 4
73 40 65
73 41 21
73 42 63
73 43 178
73 44 232
73 45 55
73 46 239
73 47 116
73 48 290
73 49 130
73 50 22
73 51 79
73 52 153
73 53 1073741824
73 54 34
73 55 119
73 56 183
73 57 56
73 58 128
73 59 22
73 60 63
73 61 158
73 62 205
73 63 4
73 64 24
73 65 44
73 66 97
73 67 40
73 68 38
73 69 258
73 70 90
73 71 130
73 72 246
73 73 0
73 74 267
73 75 57
73 76 62
73 77 86
73 78 238
73 79 174
73 80 40
73 81 160
73 82 250
73 83 1073741824
73 84 13
73 85 205
73 86 270
73 87 65
73 88 188
73 89 232
73 90 261
73 91 226
73 92 132
73 93 14
73 94 153
73 95 257
73 96 111
73 97 158
73 98 35
73 99 277
73 100 38
74 1 231
74 2 55
74 3 165
74 4 222
74 5 58
74 6 290
74 7 51
74 8 266
74 9 85
74 10 83
74 11 67
74 12 161
74 13 26
74 14 276
74 15 44
74 16 142
74 17 80
74 18 207
74 19 62
74 20 138
74 21 284
74 22 135
74 23 74
74 24 1073741824
74 25 93
74 26 203
74 27 50
74 28 140
74 29 201
74 30 211
74 31 22
74 32 260
74 33 224
74 34 34
74 35 84
74 36 1073741824
74 37 67
74 38 1073741824
74 39 65
74 40 115
74 41 225
74 42 69
74 43 262
74 44 167
74 45 259
74 46 43
74 47 57
74 48 105
74 49 2
74 50 35
74 51 95
74 52 30
74 53 255
74 54 226
74 55 222
74 56 44
74 57 52
74 58 264
74 59 219
74 60 142
74 61 120
74 62 2
74 63 247
74 64 246
74 65 200
74 66 11
74 67 79
74 68 253
74 69 47
74 70 135
74 71 70
74 72 104
74 73 267
74 74 0
74 75 52
74 76 38
74 77 129
74 78 187
74 79 53
74 80 133
74 81 213
74 82 1073741824
74 83 228
74 84 39
74 85 268
74 86 64
74 87 49
74 88 257
74 89 4
74 90 149
74 91 22
74 92 201
74 93 48
74 94 1073741824
74 95 203
74 96 86
74 97 206
74 98 230
74 99 259
74 100 42
75 1 147
75 2 119
75 3 246
75 4 178
75 5 81
75 6 187
75 7 143
75 8 222
75 9 187
75 10 197
75 11 164
75 12 90
75 13 175
75 14 117
75 15 7
75 16 260
75 17 4
75 18 59
75 19 273
75 20 93
75 21 96
75 22 24
75 23 129
75 24 46
75 25 220
75 26 102
75 27 92
75 28 248
75 29 1073741824
75 30 183
75 31 173
75 32 175
75 33 270
75 34 160
75 35 100
75 36 211
75 37 224
75 38 138
75 39 157
75 40 151
75 41 223
75 42 223
75 43 254
75 44 99
75 45 146
75 46 265
75 47 201
75 48 152
75 49 27
75 50 1073741824
75 51 129
75 52 154
75 53 27
75 54 107
75 55 287
75 56 115
75 57 83
75 58 198
75 59 289
75 60 271
75 61 151
75 62 16
75 63 181
75 64 1073741824
75 65 1073741824
75 66 103
75 67 98
75 68 196
75 69 283
75 70 96
75 71 27
75 72 157
75 73 57
75 74 52
75 75 0
75 76 248
75 77 281
75 78 1073741824
75 79 256
75 80 255
75 81 188
75 82 60
75 83 279
75 84 200
75 85 194
75 86 112
75 87 90
75 88 289
75 89 21
75 90 1073741824
75 91 1073741824
75 92 175
75 93 160
75 94 231
75 95 55
75 96 34
75 97 13
75 98 94
75 99 240
75 100 234
76 1 283
76 2 27
76 3 142
76 4 104
76 5 238
76 6 102
76 7 1073741824
76 8 170
76 9 235
76 10 196
76 11 113
76 12 231
76 13 64
76 14 274
76 15 40
76 16 30
76 17 235
76 18 158
76 19 94
76 20 49
76 21 40
76 22 42
76 23 49
76 24 237
76 25 184
76 26 148
76 27 44
76 28 86
76 29 34
76 30 100
76 31 124
76 32 281
76 33 116
76 34 177
76 35 262
76 36 105
76 37 154
76 38 145
76 39 179
76 40 186
76 41 221
76 42 244
76 43 174
76 44 140
76 45 61
76 46 108
76 47 275
76 48 228
76 49 100
76 50 131
76 51 74
76 52 222
76 53 265
76 54 272
76 55 193
76 56 196
76 57 15
76 58 106
76 59 37
76 60 219
76 61 103
76 62 3
76 63 49
76 64 128
76 65 72
76 66 219
76 67 88
76 68 80
76 69 269
76 70 253
76 71 191
76 72 278
76 73 62
76 74 38
76 75 248
76 76 0
76 77 250
76 78 126
76 79 195
76 80 148
76 81 250
76 82 57
76 83 67
76 84 290
76 85 126
76 86 181
76 87 147
76 88 217
76 89 75
76 90 203
76 91 170
76 92 157
76 93 244
76 94 147
76 95 1073741824
76 96 176
76 97 248
76 98 66
76 99 170
76 100 205
77 1 14
77 2 143
77 3 1073741824
77 4 217
77 5 169
77 6 83
77 7 73
77 8 111
77 9 84
77 10 61
77 11 73
77 12 124
77 13 143
77 14 16
77 15 33
77 16 113
77 17 14
77 18 188
77 19 144
77 20 165
77 21 108
77 22 25
77 23 39
77 24 216
77 25 210
77 26 97
77 27 258
77 28 69
77 29 218
77 30 24
77 31 221
77 32 72
77 33 1073741824
77 34 34
77 35 75
77 36 268
77 37 219
77 38 130
77 39 123
77 40 204
77 41 223
77 42 166
77 43 90
77 44 220
77 45 50
77 46 1073741824
77 47 204
77 48 172
77 49 120
77 50 139
77 51 257
77 52 146
77 53 46
77 54 187
77 55 115
77 56 222
77 57 177
77 58 184
77 59 104
77 60 107
77 61 130
77 62 95
77 63 158
77 64 72
77 65 169
77 66 8
77 67 61
77 68 186
77 69 123
77 70 104
77 71 117
77 72 253
77 73 86
77 74 129
77 75 281
77 76 250
77 77 0
77 78 207
77 79 288
77 80 103
77 81 246
77 82 227
77 83 239
77 84 125
77 85 14
77 86 112
77 87 34
77 88 33
77 89 49
77 90 191
77 91 238
77 92 104
77 93 112
77 94 257
77 95 92
77 96 160
77 97 269
77 98 258
77 99 208
77 100 143
78 1 147
78 2 177
78 3 182
78 4 14
78 5 92
78 6 14
78 7 138
78 8 268
78 9 256
78 10 186
78 11 80
78 12 223
78 13 115
78 14 110
78 15 173
78 16 228
78 17 7
78 18 27
78 19 180
78 20 284
78 21 2
78 22 201
78 23 141
78 24 212
78 25 251
78 26 225
78 27 82
78 28 175
78 29 232
78 30 17
78 31 236
78 32 42
78 33 122
78 34 196
78 35 110
78 36 13
78 37 146
78 38 118
78 39 110
78 40 143
78 41 75
78 42 282
78 43 25
78 44 243
78 45 39
78 46 35
78 47 275
78 48 135
78 49 206
78 50 83
78 51 15
78 52 254
78 53 73
78 54 216
78 55 210
78 56 8
78 57 102
78 58 286
78 59 69
78 60 283
78 61 147
78 62 217
78 63 24
78 64 34
78 65 71
78 66 70
78 67 140
78 68 11
78 69 160
78 70 233
78 71 187
78 72 98
78 73 238
78 74 187
78 75 1073741824
78 76 126
78 77 207
78 78 0
78 79 249
78 80 267
78 81 225
78 82 48
78 83 101
78 84 232
78 85 88
78 86 84
78 87 267
78 88 130
78 89 46
78 90 146
78 91 213
78 92 251
78 93 206
78 94 159
78 95 169
78 96 224
78 97 270
78 98 53
78 99 99
78 100 97
79 1 220
79 2 247
79 3 149
79 4 246
79 5 21
79 6 63
79 7 178
79 8 41
79 9 209
79 10 82
79 11 288
79 12 62
79 13 106
79 14 167
79 15 232
79 16 199
79 17 77
79 18 134
79 19 120
79 20 195
79 21 273
79 22 93
79 23 56
79 24 154
79 25 13
79 26 105
79 27 62
79 28 153
79 29 110
79 30 174
79 31 267
79 32 108
79 33 1
79 34 99
79 35 144
79 36 112
79 37 155
79 38 174
79 39 191
79 40 281
79 41 190
79 42 247
79 43 46
79 44 123
79 45 24
79 46 145
79 47 261
79 48 14
79 49 237
79 50 45
79 51 10
79 52 220
79 53 178
79 54 220
79 55 146
79 56 25
79 57 213
79 58 266
79 59 264
79 60 1073741824
79 61 196
79 62 162
79 63 141
79 64 28
79 65 204
79 66 146
79 67 52
79 68 84
79 69 250
79 70 126
79 71 183
79 72 61
79 73 174
79 74 53
79 75 256
79 76 195
79 77 288
79 78 249
79 79 0
79 80 23
79 81 282
79 82 73
79 83 128
79 84 247
79 85 219
79 86 139
79 87 271
79 88 66
79 89 279
79 90 210
79 91 243
79 92 270
79 93 177
79 94 60
79 95 236
79 96 67
79 97 287
79 98 46
79 99 54
79 100 232
80 1 17
80 2 241
80 3 95
80 4 76
80 5 247
80 6 242
80 7 258
80 8 172
80 9 244
80 10 107
80 11 140
80 12 104
80 13 17
80 14 140
80 15 1073741824
80 16 59
80 17 225
80 18 157
80 19 151
80 20 163
80 21 173
80 22 157
80 23 175
80 24 166
80 25 43
80 26 1073741824
80 27 223
80 28 190
80 29 188
80 30 281
80 31 287
80 32 122
80 33 262
80 34 64
80 35 254
80 36 68
80 37 277
80 38 143
80 39 173
80 40 214
80 41 120
80 42 177
80 43 11
80 44 162
80 45 264
80 46 257
80 47 72
80 48 187
80 49 86
80 50 255
80 51 26
80 52 135
80 53 159
80 54 262
80 55 272
80 56 37
80 57 221
80 58 86
80 59 51
80 60 188
80 61 232
80 62 252
80 63 166
80 64 33
80 65 1073741824
80 66 159
80 67 218
80 68 146
80 69 183
80 70 274
80 71 6
80 72 86
80 73 40
80 74 133
80 75 255
80 76 148
80 77 103
80 78 267
80 79 23
80 80 0
80 81 1
80 82 131
80 83 8
80 84 254
80 85 137
80 86 38
80 87 199
80 88 58
80 89 211
80 90 174
80 91 189
80 92 290
80 93 1073741824
80 94 127
80 95 135
80 96 197
80 97 71
80 98 261
80 99 60
80 100 116
81 1 213
81 2 233
81 3 181
81 4 105
81 5 211
81 6 60
81 7 135
81 8 152
81 9 277
81 10 24
81 11 242
81 12 161
81 13 204
81 14 137
81 15 211
81 16 93
81 17 289
81 18 238
81 19 111
81 20 265
81 21 282
81 22 282
81 23 55
81 24 204
81 25 83
81 26 172
81 27 181
81 28 114
81 29 1073741824
81 30 59
81 31 155
81 32 90
81 33 279
81 34 119
81 35 44
81 36 168
81 37 1073741824
81 38 174
81 39 92
81 40 137
81 41 35
81 42 59
81 43 32
81 44 162
81 45 46
81 46 135
81 47 280
81 48 54
81 49 1073741824
81 50 80
81 51 110
81 52 3
81 53 149
81 54 7
81 55 1073741824
81 56 71
81 57 240
81 58 192
81 59 188
81 60 17
81 61 246
81 62 241
81 63 222
81 64 181
81 65 184
81 66 16
81 67 119
81 68 98
81 69 32
81 70 169
81 71 171
81 72 52
81 73 160
81 74 213
81 75 188
81 76 250
81 77 246
81 78 225
81 79 282
81 80 1
81 81 0
81 82 171
81 83 14
81 84 125
81 85 283
81 86 2
81 87 286
81 88 22
81 89 99
81 90 241
81 91 126
81 92 85
81 93 265
81 94 60
81 95 10
81 96 24
81 97 181
81 98 151
81 99 272
81 100 160
82 1 115
82 2 264
82 3 277
82 4 162
82 5 181
82 6 4
82 7 35
82 8 46
82 9 145
82 10 1073741824
82 11 269
82 12 173
82 13 31
82 14 233
82 15 195
82 16 255
82 17 214
82 18 100
82 19 189
82 20 143
82 21 129
82 22 3
82 23 1073741824
82 24 130
82 25 28
82 26 275
82 27 183
82 28 127
82 29 43
82 30 120
82 31 22
82 32 53
82 33 140
82 34 253
82 35 230
82 36 32
82 37 182
82 38 34
82 39 249
82 40 187
82 41 52
82 42 259
82 43 277
82 44 222
82 45 170
82 46 289
82 47 258
82 48 134
82 49 153
82 50 57
82 51 11
82 52 50
82 53 1
82 54 225
82 55 267
82 56 132
82 57 228
82 58 32
82 59 230
82 60 89
82 61 167
82 62 283
82 63 120
82 64 228
82 65 143
82 66 212
82 67 249
82 68 281
82 69 263
82 70 44
82 71 103
82 72 232
82 73 250
82 74 1073741824
82 75 60
82 76 57
82 77 227
82 78 48
82 79 73
82 80 131
82 81 171
82 82 0
82 83 121
82 84 65
82 85 227
82 86 279
82 87 131
82 88 124
82 89 113
82 90 153
82 91 56
82 92 121
82 93 29
82 94 118
82 95 218
82 96 163
82 97 30
82 98 74
82 99 289
82 100 120
83 1 22
83 2 262
83 3 237
83 4 73
83 5 64
83 6 1073741824
83 7 188
83 8 268
83 9 7
83 10 199
83 11 160
83 12 179
83 13 1073741824
83 14 48
83 15 149
83 16 189
83 17 221
83 18 102
83 19 6
83 20 46
83 21 255
83 22 248
83 23 41
83 24 135
83 25 7
83 26 55
83 27 84
83 28 227
83 29 215
83 30 39
83 31 136
83 32 71
83 33 14
83 34 161
83 35 234
83 36 188
83 37 127
83 38 43
83 39 209
83 40 164
83 41 31
83 42 286
83 43 246
83 44 278
83 45 197
83 46 35
83 47 227
83 48 136
83 49 162
83 50 272
83 51 51
83 52 238
83 53 114
83 54 271
83 55 113
83 56 155
83 57 91
83 58 203
83 59 196
83 60 285
83 61 243
83 62 260
83 63 283
83 64 250
83 65 192
83 66 109
83 67 250
83 68 1073741824
83 69 116
83 70 190
83 71 80
83 72 55
83 73 1073741824
83 74 228
83 75 279
83 76 67
83 77 239
83 78 101
83 79 128
83 80 8
83 81 14
83 82 121
83 83 0
83 84 5
83 85 120
83 86 236
83 87 227
83 88 217
83 89 5
83 90 246
83 91 6
83 92 1073741824
83 93 8
83 94 127
83 95 94
83 96 285
83 97 285
83 98 156
83 99 201
83 100 108
84 1 210
84 2 116
84 3 270
84 4 45
84 5 1073741824
84 6 106
84 7 79
84 8 277
84 9 61
84 10 231
84 11 44
84 12 148
84 13 217
84 14 287
84 15 4
84 16 213
84 17 189
84 18 92
84 19 3
84 20 276
84 21 61
84 22 108
84 23 254
84 24 12
84 25 68
84 26 11
84 27 68
84 28 73
84 29 136
84 30 213
84 31 122
84 32 1073741824
84 33 222
84 34 163
84 35 178
84 36 191
84 37 262
84 38 81
84 39 174
84 40 8
84 41 4
84 42 235
84 43 183
84 44 174
84 45 1073741824
84 46 217
84 47 88
84 48 191
84 49 89
84 50 194
84 51 83
84 52 26
84 53 54
84 54 274
84 55 222
84 56 158
84 57 187
84 58 24
84 59 214
84 60 247
84 61 44
84 62 70
84 63 217
84 64 171
84 65 80
84 66 1073741824
84 67 166
84 68 13
84 69 99
84 70 200
84 71 59
84 72 275
84 73 13
84 74 39
84 75 200
84 76 290
84 77 125
84 78 232
84 79 247
84 80 254
84 81 125
84 82 65
84 83 5
84 84 0
84 85 10
84 86 133
84 87 38
84 88 1
84 89 134
84 90 156
84 91 226
84 92 116
84 93 207
84 94 163
84 95 46
84 96 6
84 97 20
84 98 130
84 99 175
84 100 253
85 1 157
85 2 48
85 3 188
85 4 286
85 5 159
85 6 130
85 7 118
85 8 117
85 9 77
85 10 199
85 11 258
85 12 185
85 13 126
85 14 37
85 15 55
85 16 86
85 17 1073741824
85 18 221
85 19 2
85 20 57
85 21 268
85 22 160
85 23 188
85 24 234
85 25 154
85 26 120
85 27 152
85 28 138
85 29 155
85 30 250
85 31 260
85 32 10
85 33 106
85 34 9
85 35 285
85 36 80
85 37 96
85 38 3
85 39 91
85 40 190
85 41 221
85 42 221
85 43 18
85 44 184
85 45 43
85 46 242
85 47 2
85 48 165
85 49 269
85 50 224
85 51 233
85 52 75
85 53 76
85 54 98
85 55 48
85 56 155
85 57 110
85 58 96
85 59 20
85 60 56
85 61 272
85 62 78
85 63 56
85 64 212
85 65 127
85 66 188
85 67 68
85 68 174
85 69 183
85 70 18
85 71 241
85 72 1073741824
85 73 205
85 74 268
85 75 194
85 76 126
85 77 14
85 78 88
85 79 219
85 80 137
85 81 283
85 82 227
85 83 120
85 84 10
85 85 0
85 86 90
85 87 119
85 88 89
85 89 217
85 90 1073741824
85 91 126
85 92 246
85 93 146
85 94 160
85 95 223
85 96 43
85 97 41
85 98 53
85 99 140
85 100 51
86 1 285
86 2 77
86 3 113
86 4 278
86 5 33
86 6 137
86 7 1073741824
86 8 252
86 9 214
86 10 171
86 11 45
86 12 285
86 13 49
86 14 237
86 15 285
86 16 161
86 17 55
86 18 250
86 19 177
86 20 69
86 21 183
86 22 146
86 23 261
86 24 18
86 25 187
86 26 269
86 27 215
86 28 216
86 29 259
86 30 202
86 31 70
86 32 84
86 33 209
86 34 90
86 35 200
86 36 252
86 37 11
86 38 281
86 39 35
86 40 218
86 41 188
86 42 141
86 43 13
86 44 162
86 45 71
86 46 267
86 47 237
86 48 134
86 49 239
86 50 236
86 51 146
86 52 207
86 53 179
86 54 22
86 55 118
86 56 81
86 57 22
86 58 173
86 59 92
86 60 162
86 61 14
86 62 155
86 63 205
86 64 38
86 65 1073741824
86 66 101
86 67 102
86 68 105
86 69 261
86 70 30
86 71 48
86 72 144
86 73 270
86 74 64
86 75 112
86 76 181
86 77 112
86 78 84
86 79 139
86 80 38
86 81 2
86 82 279
86 83 236
86 84 133
86 85 90
86 86 0
86 87 273
86 88 107
86 89 152
86 90 215
86 91 31
86 92 200
86 93 125
86 94 194
86 95 285
86 96 151
86 97 264
86 98 99
86 99 269
86 100 12
87 1 253
87 2 214
87 3 275
87 4 105
87 5 188
87 6 45
87 7 73
87 8 220
87 9 208
87 10 111
87 11 81
87 12 1
87 13 272
87 14 46
87 15 8
87 16 220
87 17 1073741824
87 18 218
87 19 131
87 20 152
87 21 170
87 22 120
87 23 12
87 24 286
87 25 136
87 26 248
87 27 170
87 28 16
87 29 180
87 30 10
87 31 75
87 32 223
87 33 186
87 34 49
87 35 274
87 36 267
87 37 178
87 38 13
87 39 18
87 40 1073741824
87 41 133
87 42 18
87 43 51
87 44 38
87 45 217
87 46 199
87 47 193
87 48 169
87 49 246
87 50 267
87 51 170
87 52 131
87 53 49
87 54 28
87 55 261
87 56 18
87 57 143
87 58 173
87 59 128
87 60 266
87 61 242
87 62 147
87 63 261
87 64 1073741824
87 65 191
87 66 142
87 67 254
87 68 229
87 69 139
87 70 271
87 71 1073741824
87 72 49
87 73 65
87 74 49
87 75 90
87 76 147
87 77 34
87 78 267
87 79 271
87 80 199
87 81 286
87 82 131
87 83 227
87 84 38
87 85 119
87 86 273
87 87 0
87 88 257
87 89 260
87 90 264
87 91 35
87 92 231
87 93 289
87 94 2
87 95 18
87 96 78
87 97 154
87 98 46
87 99 52
87 100 27
88 1 160
88 2 279
88 3 119
88 4 163
88 5 23
88 6 43
88 7 279
88 8 208
88 9 36
88 10 224
88 11 221
88 12 139
88 13 31
88 14 50
88 15 248
88 16 63
88 17 1073741824
88 18 237
88 19 60
88 20 133
88 21 10
88 22 111
88 23 183
88 24 236
88 25 133
88 26 169
88 27 224
88 28 34
88 29 45
88 30 183
88 31 82
88 32 200
88 33 22
88 34 241
88 35 109
88 36 287
88 37 138
88 38 51
88 39 107
88 40 12
88 41 35
88 42 22
88 43 69
88 44 1073741824
88 45 34
88 46 100
88 47 259
88 48 104
88 49 198
88 50 6
88 51 105
88 52 238
88 53 287
88 54 81
88 55 94
88 56 243
88 57 188
88 58 244
88 59 290
88 60 199
88 61 261
88 62 47
88 63 170
88 64 151
88 65 234
88 66 1073741824
88 67 159
88 68 114
88 69 272
88 70 234
88 71 49
88 72 155
88 73 188
88 74 257
88 75 289
88 76 217
88 77 33
88 78 130
88 79 66
88 80 58
88 81 22
88 82 124
88 83 217
88 84 1
88 85 89
88 86 107
88 87 257
88 88 0
88 89 216
88 90 10
88 91 58
88 92 240
88 93 258
88 94 144
88 95 228
88 96 52
88 97 276
88 98 191
88 99 58
88 100 255
89 1 5
89 2 168
89 3 219
89 4 139
89 5 82
89 6 169
89 7 112
89 8 23
89 9 288
89 10 62
89 11 170
89 12 163
89 13 219
89 14 290
89 15 269
89 16 227
89 17 39
89 18 268
89 19 275
89 20 104
89 21 173
89 22 122
89 23 89
89 24 43
89 25 238
89 26 204
89 27 264
89 28 196
89 29 205
89 30 225
89 31 1073741824
89 32 246
89 33 106
89 34 1073741824
89 35 282
89 36 103
89 37 1073741824
89 38 213
89 39 256
89 40 180
89 41 242
89 42 144
89 43 119
89 44 126
89 45 257
89 46 125
89 47 117
89 48 222
89 49 154
89 50 80
89 51 3
89 52 69
89 53 264
89 54 191
89 55 238
89 56 76
89 57 222
89 58 228
89 59 10
89 60 57
89 61 184
89 62 110
89 63 51
89 64 135
89 65 202
89 66 153
89 67 200
89 68 79
89 69 132
89 70 263
89 71 1073741824
89 72 280
89 73 232
89 74 4
89 75 21
89 76 75
89 77 49
89 78 46
89 79 279
89 80 211
89 81 99
89 82 113
89 83 5
89 84 134
89 85 217
89 86 152
89 87 260
89 88 216
89 89 0
89 90 184
89 91 210
89 92 121
89 93 281
89 94 149
89 95 276
89 96 66
89 97 141
89 98 10
89 99 123
89 100 252
90 1 246
90 2 254
90 3 31
90 4 103
90 5 207
90 6 56
90 7 171
90 8 275
90 9 1
90 10 265
90 11 290
90 12 254
90 13 103
90 14 86
90 15 1
90 16 22
90 17 28
90 18 187
90 19 50
90 20 278
90 21 72
90 22 137
90 23 196
90 24 186
90 25 82
90 26 148
90 27 17
90 28 285
90 29 147
90 30 70
90 31 174
90 32 102
90 33 244
90 34 290
90 35 32
90 36 15
90 37 156
90 38 267
90 39 113
90 40 288
90 41 247
90 42 233
90 43 156
90 44 100
90 45 67
90 46 137
90 47 9
90 48 244
90 49 46
90 50 20
90 51 152
90 52 199
90 53 269
90 54 209
90 55 65
90 56 232
90 57 99
90 58 178
90 59 231
90 60 107
90 61 229
90 62 241
90 63 12
90 64 183
90 65 128
90 66 11
90 67 221
90 68 175
90 69 246
90 70 6
90 71 107
90 72 24
90 73 261
90 74 149
90 75 1073741824
90 76 203
90 77 191
90 78 146
90 79 210
90 80 174
90 81 241
90 82 153
90 83 246
90 84 156
90 85 1073741824
90 86 215
90 87 264
90 88 10
90 89 184
90 90 0
90 91 240
90 92 202
90 93 113
90 94 31
90 95 202
90 96 173
90 97 20
90 98 71
90 99 1073741824
90 100 159
91 1 226
91 2 157
91 3 265
91 4 15
91 5 166
91 6 146
91 7 93
91 8 189
91 9 38
91 10 196
91 11 247
91 12 257
91 13 179
91 14 205
91 15 21
91 16 84
91 17 37
91 18 1073741824
91 19 1073741824
91 20 165
91 21 41
91 22 181
91 23 163
91 24 243
91 25 139
91 26 284
91 27 63
91 28 128
91 29 25
91 30 1
91 31 145
91 32 189
91 33 201
91 34 179
91 35 279
91 36 133
91 37 275
91 38 220
91 39 1
91 40 280
91 41 68
91 42 23
91 43 278
91 44 190
91 45 58
91 46 109
91 47 284
91 48 148
91 49 278
91 50 179
91 51 15
91 52 143
91 53 246
91 54 96
91 55 264
91 56 228
91 57 122
91 58 81
91 59 287
91 60 29
91 61 202
91 62 142
91 63 31
91 64 148
91 65 183
91 66 90
91 67 15
91 68 183
91 69 12
91 70 187
91 71 204
91 72 169
91 73 226
91 74 22
91 75 1073741824
91 76 170
91 77 238
91 78 213
91 79 243
91 80 189
91 81 126
91 82 56
91 83 6
91 84 226
91 85 126
91 86 31
91 87 35
91 88 58
91 89 210
91 90 240
91 91 0
91 92 286
91 93 63
91 94 217
91 95 184
91 96 37
91 97 138
91 98 261
91 99 109
91 100 240
92 1 271
92 2 116
92 3 277
92 4 211
92 5 74
92 6 122
92 7 115
92 8 169
92 9 204
92 10 81
92 11 145
92 12 249
92 13 110
92 14 126
92 15 33
92 16 46
92 17 115
92 18 100
92 19 272
92 20 147
92 21 67
92 22 200
92 23 88
92 24 193
92 25 106
92 26 39
92 27 88
92 28 205
92 29 245
92 30 185
92 31 234
92 32 35
92 33 158
92 34 20
92 35 152
92 36 125
92 37 123
92 38 49
92 39 29
92 40 266
92 41 226
92 42 29
92 43 13
92 44 229
92 45 7
92 46 146
92 47 185
92 48 93
92 49 129
92 50 27
92 51 198
92 52 79
92 53 150
92 54 233
92 55 182
92 56 234
92 57 244
92 58 7
92 59 204
92 60 42
92 61 80
92 62 220
92 63 232
92 64 149
92 65 88
92 66 226
92 67 9
92 68 167
92 69 166
92 70 100
92 71 133
92 72 94
92 73 132
92 74 201
92 75 175
92 76 157
92 77 104
92 78 251
92 79 270
92 80 290
92 81 85
92 82 121
92 83 1073741824
92 84 116
92 85 246
92 86 200
92 87 231
92 88 240
92 89 121
92 90 202
92 91 286
92 92 0
92 93 236
92 94 25
92 95 11
92 96 252
92 97 156
92 98 68
92 99 187
92 100 24
93 1 237
93 2 124
93 3 59
93 4 32
93 5 282
93 6 116
93 7 47
93 8 173
93 9 226
93 10 101
93 11 218
93 12 273
93 13 154
93 14 102
93 15 125
93 16 198
93 17 49
93 18 246
93 19 199
93 20 151
93 21 118
93 22 171
93 23 24
93 24 13
93 25 52
93 26 233
93 27 49
93 28 131
93 29 29
93 30 43
93 31 173
93 32 129
93 33 105
93 34 55
93 35 72
93 36 257
93 37 124
93 38 134
93 39 134
93 40 64
93 41 54
93 42 112
93 43 136
93 44 171
93 45 54
93 46 38
93 47 1073741824
93 48 217
93 49 1073741824
93 50 265
93 51 195
93 52 43
93 53 46
93 54 56
93 55 243
93 56 11
93 57 219
93 58 267
93 59 231
93 60 9
93 61 173
93 62 195
93 63 280
93 64 198
93 65 68
93 66 23
93 67 150
93 68 15
93 69 192
93 70 145
93 71 253
93 72 104
93 73 14
93 74 48
93 75 160
93 76 244
93 77 112
93 78 206
93 79 177
93 80 1073741824
93 81 265
93 82 29
93 83 8
93 84 207
93 85 146
93 86 125
93 87 289
93 88 258
93 89 281
93 90 113
93 91 63
93 92 236
93 93 0
93 94 1073741824
93 95 107
93 96 201
93 97 256
93 98 4
93 99 18
93 100 123
94 1 92
94 2 84
94 3 153
94 4 189
94 5 26
94 6 1073741824
94 7 37
94 8 212
94 9 1073741824
94 10 254
94 11 4
94 12 115
94 13 151
94 14 169
94 15 75
94 16 61
94 17 112
94 18 287
94 19 69
94 20 60
94 21 83
94 22 52
94 23 199
94 24 163
94 25 70
94 26 153
94 27 172
94 28 27
94 29 30
94 30 152
94 31 231
94 32 44
94 33 140
94 34 85
94 35 33
94 36 185
94 37 22
94 38 259
94 39 7
94 40 71
94 41 276
94 42 281
94 43 206
94 44 193
94 45 11
94 46 161
94 47 277
94 48 39
94 49 82
94 50 264
94 51 280
94 52 140
94 53 157
94 54 34
94 55 113
94 56 99
94 57 109
94 58 4
94 59 282
94 60 233
94 61 73
94 62 37
94 63 124
94 64 12
94 65 136
94 66 103
94 67 233
94 68 251
94 69 169
94 70 266
94 71 111
94 72 258
94 73 153
94 74 1073741824
94 75 231
94 76 147
94 77 257
94 78 159
94 79 60
94 80 127
94 81 60
94 82 118
94 83 127
94 84 163
94 85 160
94 86 194
94 87 2
94 88 144
94 89 149
94 90 31
94 91 217
94 92 25
94 93 1073741824
94 94 0
94 95 202
94 96 123
94 97 1073741824
94 98 169
94 99 235
94 100 225
95 1 245
95 2 109
95 3 30
95 4 88
95 5 222
95 6 175
95 7 279
95 8 148
95 9 122
95 10 139
95 11 69
95 12 114
95 13 139
95 14 113
95 15 274
95 16 150
95 17 182
95 18 142
95 19 22
95 20 44
95 21 108
95 22 245
95 23 53
95 24 221
95 25 185
95 26 158
95 27 254
95 28 200
95 29 232
95 30 197
95 31 212
95 32 206
95 33 111
95 34 129
95 35 54
95 36 156
95 37 88
95 38 68
95 39 77
95 40 184
95 41 233
95 42 242
95 43 187
95 44 56
95 45 179
95 46 66
95 47 121
95 48 110
95 49 101
95 50 81
95 51 118
95 52 114
95 53 1073741824
95 54 226
95 55 206
95 56 10
95 57 123
95 58 224
95 59 250
95 60 233
95 61 40
95 62 258
95 63 196
95 64 281
95 65 99
95 66 261
95 67 59
95 68 86
95 69 54
95 70 15
95 71 29
95 72 158
95 73 257
95 74 203
95 75 55
95 76 1073741824
95 77 92
95 78 169
95 79 236
95 80 135
95 81 10
95 82 218
95 83 94
95 84 46
95 85 223
95 86 285
95 87 18
95 88 228
95 89 276
95 90 202
95 91 184
95 92 11
95 93 107
95 94 202
95 95 0
95 96 228
95 97 90
95 98 136
95 99 220
95 100 140
96 1 207
96 2 66
96 3 200
96 4 239
96 5 120
96 6 62
96 7 154
96 8 258
96 9 289
96 10 211
96 11 233
96 12 259
96 13 98
96 14 252
96 15 7
96 16 1073741824
96 17 210
96 18 117
96 19 226
96 20 240
96 21 268
96 22 183
96 23 191
96 24 56
96 25 134
96 26 158
96 27 74
96 28 117
96 29 275
96 30 52
96 31 207
96 32 82
96 33 267
96 34 196
96 35 163
96 36 236
96 37 139
96 38 91
96 39 189
96 40 206
96 41 282
96 42 142
96 43 16
96 44 69
96 45 79
96 46 288
96 47 76
96 48 72
96 49 282
96 50 57
96 51 77
96 52 144
96 53 266
96 54 119
96 55 169
96 56 290
96 57 182
96 58 208
96 59 120
96 60 145
96 61 244
96 62 115
96 63 105
96 64 1073741824
96 65 45
96 66 184
96 67 144
96 68 24
96 69 235
96 70 170
96 71 176
96 72 187
96 73 111
96 74 86
96 75 34
96 76 176
96 77 160
96 78 224
96 79 67
96 80 197
96 81 24
96 82 163
96 83 285
96 84 6
96 85 43
96 86 151
96 87 78
96 88 52
96 89 66
96 90 173
96 91 37
96 92 252
96 93 201
96 94 123
96 95 228
96 96 0
96 97 216
96 98 158
96 99 161
96 100 27
97 1 183
97 2 21
97 3 199
97 4 234
97 5 130
97 6 171
97 7 34
97 8 50
97 9 235
97 10 130
97 11 235
97 12 160
97 13 85
97 14 77
97 15 239
97 16 102
97 17 234
97 18 106
97 19 279
97 20 126
97 21 263
97 22 287
97 23 47
97 24 277
97 25 102
97 26 112
97 27 55
97 28 179
97 29 171
97 30 35
97 31 153
97 32 23
97 33 196
97 34 23
97 35 248
97 36 282
97 37 163
97 38 229
97 39 199
97 40 48
97 41 6
97 42 204
97 43 229
97 44 286
97 45 16
97 46 107
97 47 271
97 48 3
97 49 284
97 50 287
97 51 6
97 52 188
97 53 220
97 54 241
97 55 182
97 56 19
97 57 58
97 58 53
97 59 260
97 60 174
97 61 285
97 62 170
97 63 1073741824
97 64 75
97 65 125
97 66 208
97 67 229
97 68 86
97 69 209
97 70 1073741824
97 71 148
97 72 22
97 73 158
97 74 206
97 75 13
97 76 248
97 77 269
97 78 270
97 79 287
97 80 71
97 81 181
97 82 30
97 83 285
97 84 20
97 85 41
97 86 264
97 87 154
97 88 276
97 89 141
97 90 20
97 91 138
97 92 156
97 93 256
97 94 1073741824
97 95 90
97 96 216
97 97 0
97 98 102
97 99 169
97 100 279
98 1 26
98 2 244
98 3 120
98 4 286
98 5 119
98 6 236
98 7 217
98 8 151
98 9 204
98 10 283
98 11 43
98 12 34
98 13 234
98 14 134
98 15 125
98 16 1073741824
98 17 1073741824
98 18 170
98 19 262
98 20 214
98 21 156
98 22 261
98 23 188
98 24 252
98 25 56
98 26 211
98 27 145
98 28 134
98 29 229
98 30 66
98 31 36
98 32 61
98 33 287
98 34 95
98 35 253
98 36 162
98 37 16
98 38 14
98 39 109
98 40 141
98 41 57
98 42 11
98 43 175
98 44 66
98 45 3
98 46 255
98 47 68
98 48 181
98 49 207
98 50 171
98 51 85
98 52 10
98 53 106
98 54 50
98 55 179
98 56 106
98 57 244
98 58 4
98 59 9
98 60 129
98 61 162
98 62 166
98 63 91
98 64 44
98 65 67
98 66 153
98 67 13
98 68 233
98 69 33
98 70 21
98 71 191
98 72 51
98 73 35
98 74 230
98 75 94
98 76 66
98 77 258
98 78 53
98 79 46
98 80 261
98 81 151
98 82 74
98 83 156
98 84 130
98 85 53
98 86 99
98 87 46
98 88 191
98 89 10
98 90 71
98 91 261
98 92 68
98 93 4
98 94 169
98 95 136
98 96 158
98 97 102
98 98 0
98 99 238
98 100 82
99 1 68
99 2 129
99 3 117
99 4 200
99 5 251
99 6 49
99 7 75
99 8 195
99 9 125
99 10 44
99 11 76
99 12 136
99 13 259
99 14 40
99 15 25
99 16 14
99 17 31
99 18 171
99 19 204
99 20 191
99 21 59
99 22 201
99 23 235
99 24 8
99 25 277
99 26 250
99 27 85
99 28 209
99 29 192
99 30 25
99 31 164
99 32 82
99 33 94
99 34 145
99 35 271
99 36 111
99 37 66
99 38 100
99 39 49
99 40 98
99 41 98
99 42 219
99 43 272
99 44 248
99 45 255
99 46 203
99 47 195
99 48 276
99 49 243
99 50 269
99 51 133
99 52 61
99 53 135
99 54 44
99 55 165
99 56 286
99 57 27
99 58 155
99 59 124
99 60 278
99 61 134
99 62 283
99 63 87
99 64 250
99 65 18
99 66 215
99 67 99
99 68 144
99 69 151
99 70 230
99 71 5
99 72 97
99 73 277
99 74 259
99 75 240
99 76 170
99 77 208
99 78 99
99 79 54
99 80 60
99 81 272
99 82 289
99 83 201
99 84 175
99 85 140
99 86 269
99 87 52
99 88 58
99 89 123
99 90 1073741824
99 91 109
99 92 187
99 93 18
99 94 235
99 95 220
99 96 161
99 97 169
99 98 238
99 99 0
99 100 266
100 1 192
100 2 288
100 3 1073741824
100 4 275
100 5 106
100 6 13
100 7 9
100 8 279
100 9 121
100 10 153
100 11 85
100 12 52
100 13 189
100 14 287
100 15 135
100 16 139
100 17 185
100 18 102
100 19 133
100 20 135
100 21 252
100 22 289
100 23 198
100 24 230
100 25 73
100 26 221
100 27 66
100 28 35
100 29 259
100 30 265
100 31 132
100 32 204
100 33 162
100 34 133
100 35 212
100 36 176
100 37 1073741824
100 38 60
100 39 45
100 40 246
100 41 87
100 42 114
100 43 272
100 44 86
100 45 175
100 46 58
100 47 28
100 48 130
100 49 172
100 50 211
100 51 194
100 52 267
100 53 289
100 54 170
100 55 88
100 56 58
100 57 38
100 58 121
100 59 189
100 60 83
100 61 143
100 62 275
100 63 286
100 64 132
100 65 155
100 66 151
100 67 260
100 68 214
100 69 170
100 70 12
100 71 111
100 72 39
100 73 38
100 74 42
100 75 234
100 76 205
100 77 143
100 78 97
100 79 232
100 80 116
100 81 160
100 82 120
100 83 108
100 84 253
100 85 51
100 86 12
100 87 27
100 88 255
100 89 252
100 90 159
100 91 240
100 92 24
100 93 123
100 94 225
100 95 140
100 96 27
100 97 279
100 98 82
100 99 266
100 100 0
